0 LEGO 50945 轮胎，用户指定名义尺寸 14x6mm
0 Author: quadcuber; derived from LDraw 50945/50951 by Michael Heidemann
0 !LICENSE CC BY 4.0 https://creativecommons.org/licenses/by/4.0/
0 // 修改：保留径向内槽，调整外包络至14x6mm；不代表实测变形。
0 BFC CERTIFY CCW
3 16 -12.00000 0.00000 0.93741 -11.08680 -4.59240 0.93741 -12.93450 -5.35776 2.81222
3 16 -12.00000 0.00000 0.93741 -12.93450 -5.35776 2.81222 -14.00000 0.00000 2.81222
3 16 -11.08680 -4.59240 0.93741 -8.48520 -8.48520 0.93741 -9.89940 -9.89940 2.81222
3 16 -11.08680 -4.59240 0.93741 -9.89940 -9.89940 2.81222 -12.93450 -5.35776 2.81222
3 16 -8.48520 -8.48520 0.93741 -4.59240 -11.08680 0.93741 -5.35776 -12.93450 2.81222
3 16 -8.48520 -8.48520 0.93741 -5.35776 -12.93450 2.81222 -9.89940 -9.89940 2.81222
3 16 -4.59240 -11.08680 0.93741 0.00000 -12.00000 0.93741 0.00000 -14.00000 2.81222
3 16 -4.59240 -11.08680 0.93741 0.00000 -14.00000 2.81222 -5.35776 -12.93450 2.81222
3 16 0.00000 -12.00000 0.93741 4.59240 -11.08680 0.93741 5.35776 -12.93450 2.81222
3 16 0.00000 -12.00000 0.93741 5.35776 -12.93450 2.81222 0.00000 -14.00000 2.81222
3 16 4.59240 -11.08680 0.93741 8.48520 -8.48520 0.93741 9.89940 -9.89940 2.81222
3 16 4.59240 -11.08680 0.93741 9.89940 -9.89940 2.81222 5.35776 -12.93450 2.81222
3 16 8.48520 -8.48520 0.93741 11.08680 -4.59240 0.93741 12.93450 -5.35776 2.81222
3 16 8.48520 -8.48520 0.93741 12.93450 -5.35776 2.81222 9.89940 -9.89940 2.81222
3 16 11.08680 -4.59240 0.93741 12.00000 0.00000 0.93741 14.00000 0.00000 2.81222
3 16 11.08680 -4.59240 0.93741 14.00000 0.00000 2.81222 12.93450 -5.35776 2.81222
3 16 12.00000 0.00000 0.93741 11.08680 4.59240 0.93741 12.93450 5.35776 2.81222
3 16 12.00000 0.00000 0.93741 12.93450 5.35776 2.81222 14.00000 0.00000 2.81222
3 16 11.08680 4.59240 0.93741 8.48520 8.48520 0.93741 9.89940 9.89940 2.81222
3 16 11.08680 4.59240 0.93741 9.89940 9.89940 2.81222 12.93450 5.35776 2.81222
3 16 8.48520 8.48520 0.93741 4.59240 11.08680 0.93741 5.35776 12.93450 2.81222
3 16 8.48520 8.48520 0.93741 5.35776 12.93450 2.81222 9.89940 9.89940 2.81222
3 16 4.59240 11.08680 0.93741 0.00000 12.00000 0.93741 0.00000 14.00000 2.81222
3 16 4.59240 11.08680 0.93741 0.00000 14.00000 2.81222 5.35776 12.93450 2.81222
3 16 0.00000 12.00000 0.93741 -4.59240 11.08680 0.93741 -5.35776 12.93450 2.81222
3 16 0.00000 12.00000 0.93741 -5.35776 12.93450 2.81222 0.00000 14.00000 2.81222
3 16 -4.59240 11.08680 0.93741 -8.48520 8.48520 0.93741 -9.89940 9.89940 2.81222
3 16 -4.59240 11.08680 0.93741 -9.89940 9.89940 2.81222 -5.35776 12.93450 2.81222
3 16 -8.48520 8.48520 0.93741 -11.08680 4.59240 0.93741 -12.93450 5.35776 2.81222
3 16 -8.48520 8.48520 0.93741 -12.93450 5.35776 2.81222 -9.89940 9.89940 2.81222
3 16 -11.08680 4.59240 0.93741 -12.00000 0.00000 0.93741 -14.00000 0.00000 2.81222
3 16 -11.08680 4.59240 0.93741 -14.00000 0.00000 2.81222 -12.93450 5.35776 2.81222
3 16 12.00000 0.00000 -0.93741 11.08680 -4.59240 -0.93741 12.93450 -5.35776 -2.81222
3 16 12.00000 0.00000 -0.93741 12.93450 -5.35776 -2.81222 14.00000 0.00000 -2.81222
3 16 11.08680 -4.59240 -0.93741 8.48520 -8.48520 -0.93741 9.89940 -9.89940 -2.81222
3 16 11.08680 -4.59240 -0.93741 9.89940 -9.89940 -2.81222 12.93450 -5.35776 -2.81222
3 16 8.48520 -8.48520 -0.93741 4.59240 -11.08680 -0.93741 5.35776 -12.93450 -2.81222
3 16 8.48520 -8.48520 -0.93741 5.35776 -12.93450 -2.81222 9.89940 -9.89940 -2.81222
3 16 4.59240 -11.08680 -0.93741 0.00000 -12.00000 -0.93741 0.00000 -14.00000 -2.81222
3 16 4.59240 -11.08680 -0.93741 0.00000 -14.00000 -2.81222 5.35776 -12.93450 -2.81222
3 16 0.00000 -12.00000 -0.93741 -4.59240 -11.08680 -0.93741 -5.35776 -12.93450 -2.81222
3 16 0.00000 -12.00000 -0.93741 -5.35776 -12.93450 -2.81222 0.00000 -14.00000 -2.81222
3 16 -4.59240 -11.08680 -0.93741 -8.48520 -8.48520 -0.93741 -9.89940 -9.89940 -2.81222
3 16 -4.59240 -11.08680 -0.93741 -9.89940 -9.89940 -2.81222 -5.35776 -12.93450 -2.81222
3 16 -8.48520 -8.48520 -0.93741 -11.08680 -4.59240 -0.93741 -12.93450 -5.35776 -2.81222
3 16 -8.48520 -8.48520 -0.93741 -12.93450 -5.35776 -2.81222 -9.89940 -9.89940 -2.81222
3 16 -11.08680 -4.59240 -0.93741 -12.00000 0.00000 -0.93741 -14.00000 0.00000 -2.81222
3 16 -11.08680 -4.59240 -0.93741 -14.00000 0.00000 -2.81222 -12.93450 -5.35776 -2.81222
3 16 -12.00000 0.00000 -0.93741 -11.08680 4.59240 -0.93741 -12.93450 5.35776 -2.81222
3 16 -12.00000 0.00000 -0.93741 -12.93450 5.35776 -2.81222 -14.00000 0.00000 -2.81222
3 16 -11.08680 4.59240 -0.93741 -8.48520 8.48520 -0.93741 -9.89940 9.89940 -2.81222
3 16 -11.08680 4.59240 -0.93741 -9.89940 9.89940 -2.81222 -12.93450 5.35776 -2.81222
3 16 -8.48520 8.48520 -0.93741 -4.59240 11.08680 -0.93741 -5.35776 12.93450 -2.81222
3 16 -8.48520 8.48520 -0.93741 -5.35776 12.93450 -2.81222 -9.89940 9.89940 -2.81222
3 16 -4.59240 11.08680 -0.93741 0.00000 12.00000 -0.93741 0.00000 14.00000 -2.81222
3 16 -4.59240 11.08680 -0.93741 0.00000 14.00000 -2.81222 -5.35776 12.93450 -2.81222
3 16 0.00000 12.00000 -0.93741 4.59240 11.08680 -0.93741 5.35776 12.93450 -2.81222
3 16 0.00000 12.00000 -0.93741 5.35776 12.93450 -2.81222 0.00000 14.00000 -2.81222
3 16 4.59240 11.08680 -0.93741 8.48520 8.48520 -0.93741 9.89940 9.89940 -2.81222
3 16 4.59240 11.08680 -0.93741 9.89940 9.89940 -2.81222 5.35776 12.93450 -2.81222
3 16 8.48520 8.48520 -0.93741 11.08680 4.59240 -0.93741 12.93450 5.35776 -2.81222
3 16 8.48520 8.48520 -0.93741 12.93450 5.35776 -2.81222 9.89940 9.89940 -2.81222
3 16 11.08680 4.59240 -0.93741 12.00000 0.00000 -0.93741 14.00000 0.00000 -2.81222
3 16 11.08680 4.59240 -0.93741 14.00000 0.00000 -2.81222 12.93450 5.35776 -2.81222
3 16 -5.89345 -14.22776 -7.49925 -5.35776 -12.93450 -7.49925 0.00000 -14.00000 -7.49925
3 16 -5.89345 -14.22776 -7.49925 0.00000 -14.00000 -7.49925 0.00000 -15.39978 -7.49925
3 16 -10.88921 -10.88921 -7.49925 -9.89940 -9.89940 -7.49925 -5.35776 -12.93450 -7.49925
3 16 -10.88921 -10.88921 -7.49925 -5.35776 -12.93450 -7.49925 -5.89345 -14.22776 -7.49925
3 16 -14.22776 -5.89345 -7.49925 -12.93450 -5.35776 -7.49925 -9.89940 -9.89940 -7.49925
3 16 -14.22776 -5.89345 -7.49925 -9.89940 -9.89940 -7.49925 -10.88921 -10.88921 -7.49925
3 16 -15.39978 0.00000 -7.49925 -14.00000 0.00000 -7.49925 -12.93450 -5.35776 -7.49925
3 16 -15.39978 0.00000 -7.49925 -12.93450 -5.35776 -7.49925 -14.22776 -5.89345 -7.49925
3 16 -14.22776 5.89345 -7.49925 -12.93450 5.35776 -7.49925 -14.00000 0.00000 -7.49925
3 16 -14.22776 5.89345 -7.49925 -14.00000 0.00000 -7.49925 -15.39978 0.00000 -7.49925
3 16 -10.88921 10.88921 -7.49925 -9.89940 9.89940 -7.49925 -12.93450 5.35776 -7.49925
3 16 -10.88921 10.88921 -7.49925 -12.93450 5.35776 -7.49925 -14.22776 5.89345 -7.49925
3 16 -5.89345 14.22776 -7.49925 -5.35776 12.93450 -7.49925 -9.89940 9.89940 -7.49925
3 16 -5.89345 14.22776 -7.49925 -9.89940 9.89940 -7.49925 -10.88921 10.88921 -7.49925
3 16 0.00000 15.39978 -7.49925 0.00000 14.00000 -7.49925 -5.35776 12.93450 -7.49925
3 16 0.00000 15.39978 -7.49925 -5.35776 12.93450 -7.49925 -5.89345 14.22776 -7.49925
3 16 5.89345 14.22776 -7.49925 5.35776 12.93450 -7.49925 0.00000 14.00000 -7.49925
3 16 5.89345 14.22776 -7.49925 0.00000 14.00000 -7.49925 0.00000 15.39978 -7.49925
3 16 10.88921 10.88921 -7.49925 9.89940 9.89940 -7.49925 5.35776 12.93450 -7.49925
3 16 10.88921 10.88921 -7.49925 5.35776 12.93450 -7.49925 5.89345 14.22776 -7.49925
3 16 14.22776 5.89345 -7.49925 12.93450 5.35776 -7.49925 9.89940 9.89940 -7.49925
3 16 14.22776 5.89345 -7.49925 9.89940 9.89940 -7.49925 10.88921 10.88921 -7.49925
3 16 15.39978 0.00000 -7.49925 14.00000 0.00000 -7.49925 12.93450 5.35776 -7.49925
3 16 15.39978 0.00000 -7.49925 12.93450 5.35776 -7.49925 14.22776 5.89345 -7.49925
3 16 14.22776 -5.89345 -7.49925 12.93450 -5.35776 -7.49925 14.00000 0.00000 -7.49925
3 16 14.22776 -5.89345 -7.49925 14.00000 0.00000 -7.49925 15.39978 0.00000 -7.49925
3 16 10.88921 -10.88921 -7.49925 9.89940 -9.89940 -7.49925 12.93450 -5.35776 -7.49925
3 16 10.88921 -10.88921 -7.49925 12.93450 -5.35776 -7.49925 14.22776 -5.89345 -7.49925
3 16 5.89345 -14.22776 -7.49925 5.35776 -12.93450 -7.49925 9.89940 -9.89940 -7.49925
3 16 5.89345 -14.22776 -7.49925 9.89940 -9.89940 -7.49925 10.88921 -10.88921 -7.49925
3 16 0.00000 -15.39978 -7.49925 0.00000 -14.00000 -7.49925 5.35776 -12.93450 -7.49925
3 16 0.00000 -15.39978 -7.49925 5.35776 -12.93450 -7.49925 5.89345 -14.22776 -7.49925
3 16 16.79955 0.00000 -7.49925 15.52101 -6.42915 -7.49925 14.22776 -5.89345 -7.49925
3 16 16.79955 0.00000 -7.49925 14.22776 -5.89345 -7.49925 15.39978 0.00000 -7.49925
3 16 15.52101 -6.42915 -7.49925 11.87899 -11.87899 -7.49925 10.88921 -10.88921 -7.49925
3 16 15.52101 -6.42915 -7.49925 10.88921 -10.88921 -7.49925 14.22776 -5.89345 -7.49925
3 16 11.87899 -11.87899 -7.49925 6.42915 -15.52101 -7.49925 5.89345 -14.22776 -7.49925
3 16 11.87899 -11.87899 -7.49925 5.89345 -14.22776 -7.49925 10.88921 -10.88921 -7.49925
3 16 6.42915 -15.52101 -7.49925 0.00000 -16.79955 -7.49925 0.00000 -15.39978 -7.49925
3 16 6.42915 -15.52101 -7.49925 0.00000 -15.39978 -7.49925 5.89345 -14.22776 -7.49925
3 16 0.00000 -16.79955 -7.49925 -6.42915 -15.52101 -7.49925 -5.89345 -14.22776 -7.49925
3 16 0.00000 -16.79955 -7.49925 -5.89345 -14.22776 -7.49925 0.00000 -15.39978 -7.49925
3 16 -6.42915 -15.52101 -7.49925 -11.87899 -11.87899 -7.49925 -10.88921 -10.88921 -7.49925
3 16 -6.42915 -15.52101 -7.49925 -10.88921 -10.88921 -7.49925 -5.89345 -14.22776 -7.49925
3 16 -11.87899 -11.87899 -7.49925 -15.52101 -6.42915 -7.49925 -14.22776 -5.89345 -7.49925
3 16 -11.87899 -11.87899 -7.49925 -14.22776 -5.89345 -7.49925 -10.88921 -10.88921 -7.49925
3 16 -15.52101 -6.42915 -7.49925 -16.79955 0.00000 -7.49925 -15.39978 0.00000 -7.49925
3 16 -15.52101 -6.42915 -7.49925 -15.39978 0.00000 -7.49925 -14.22776 -5.89345 -7.49925
3 16 -16.79955 0.00000 -7.49925 -15.52101 6.42915 -7.49925 -14.22776 5.89345 -7.49925
3 16 -16.79955 0.00000 -7.49925 -14.22776 5.89345 -7.49925 -15.39978 0.00000 -7.49925
3 16 -15.52101 6.42915 -7.49925 -11.87899 11.87899 -7.49925 -10.88921 10.88921 -7.49925
3 16 -15.52101 6.42915 -7.49925 -10.88921 10.88921 -7.49925 -14.22776 5.89345 -7.49925
3 16 -11.87899 11.87899 -7.49925 -6.42915 15.52101 -7.49925 -5.89345 14.22776 -7.49925
3 16 -11.87899 11.87899 -7.49925 -5.89345 14.22776 -7.49925 -10.88921 10.88921 -7.49925
3 16 -6.42915 15.52101 -7.49925 0.00000 16.79955 -7.49925 0.00000 15.39978 -7.49925
3 16 -6.42915 15.52101 -7.49925 0.00000 15.39978 -7.49925 -5.89345 14.22776 -7.49925
3 16 0.00000 16.79955 -7.49925 6.42915 15.52101 -7.49925 5.89345 14.22776 -7.49925
3 16 0.00000 16.79955 -7.49925 5.89345 14.22776 -7.49925 0.00000 15.39978 -7.49925
3 16 6.42915 15.52101 -7.49925 11.87899 11.87899 -7.49925 10.88921 10.88921 -7.49925
3 16 6.42915 15.52101 -7.49925 10.88921 10.88921 -7.49925 5.89345 14.22776 -7.49925
3 16 11.87899 11.87899 -7.49925 15.52101 6.42915 -7.49925 14.22776 5.89345 -7.49925
3 16 11.87899 11.87899 -7.49925 14.22776 5.89345 -7.49925 10.88921 10.88921 -7.49925
3 16 15.52101 6.42915 -7.49925 16.79955 0.00000 -7.49925 15.39978 0.00000 -7.49925
3 16 15.52101 6.42915 -7.49925 15.39978 0.00000 -7.49925 14.22776 5.89345 -7.49925
3 16 5.89345 -14.22776 7.49925 5.35776 -12.93450 7.49925 0.00000 -14.00000 7.49925
3 16 5.89345 -14.22776 7.49925 0.00000 -14.00000 7.49925 0.00000 -15.39978 7.49925
3 16 10.88921 -10.88921 7.49925 9.89940 -9.89940 7.49925 5.35776 -12.93450 7.49925
3 16 10.88921 -10.88921 7.49925 5.35776 -12.93450 7.49925 5.89345 -14.22776 7.49925
3 16 14.22776 -5.89345 7.49925 12.93450 -5.35776 7.49925 9.89940 -9.89940 7.49925
3 16 14.22776 -5.89345 7.49925 9.89940 -9.89940 7.49925 10.88921 -10.88921 7.49925
3 16 15.39978 0.00000 7.49925 14.00000 0.00000 7.49925 12.93450 -5.35776 7.49925
3 16 15.39978 0.00000 7.49925 12.93450 -5.35776 7.49925 14.22776 -5.89345 7.49925
3 16 14.22776 5.89345 7.49925 12.93450 5.35776 7.49925 14.00000 0.00000 7.49925
3 16 14.22776 5.89345 7.49925 14.00000 0.00000 7.49925 15.39978 0.00000 7.49925
3 16 10.88921 10.88921 7.49925 9.89940 9.89940 7.49925 12.93450 5.35776 7.49925
3 16 10.88921 10.88921 7.49925 12.93450 5.35776 7.49925 14.22776 5.89345 7.49925
3 16 5.89345 14.22776 7.49925 5.35776 12.93450 7.49925 9.89940 9.89940 7.49925
3 16 5.89345 14.22776 7.49925 9.89940 9.89940 7.49925 10.88921 10.88921 7.49925
3 16 0.00000 15.39978 7.49925 0.00000 14.00000 7.49925 5.35776 12.93450 7.49925
3 16 0.00000 15.39978 7.49925 5.35776 12.93450 7.49925 5.89345 14.22776 7.49925
3 16 -5.89345 14.22776 7.49925 -5.35776 12.93450 7.49925 0.00000 14.00000 7.49925
3 16 -5.89345 14.22776 7.49925 0.00000 14.00000 7.49925 0.00000 15.39978 7.49925
3 16 -10.88921 10.88921 7.49925 -9.89940 9.89940 7.49925 -5.35776 12.93450 7.49925
3 16 -10.88921 10.88921 7.49925 -5.35776 12.93450 7.49925 -5.89345 14.22776 7.49925
3 16 -14.22776 5.89345 7.49925 -12.93450 5.35776 7.49925 -9.89940 9.89940 7.49925
3 16 -14.22776 5.89345 7.49925 -9.89940 9.89940 7.49925 -10.88921 10.88921 7.49925
3 16 -15.39978 0.00000 7.49925 -14.00000 0.00000 7.49925 -12.93450 5.35776 7.49925
3 16 -15.39978 0.00000 7.49925 -12.93450 5.35776 7.49925 -14.22776 5.89345 7.49925
3 16 -14.22776 -5.89345 7.49925 -12.93450 -5.35776 7.49925 -14.00000 0.00000 7.49925
3 16 -14.22776 -5.89345 7.49925 -14.00000 0.00000 7.49925 -15.39978 0.00000 7.49925
3 16 -10.88921 -10.88921 7.49925 -9.89940 -9.89940 7.49925 -12.93450 -5.35776 7.49925
3 16 -10.88921 -10.88921 7.49925 -12.93450 -5.35776 7.49925 -14.22776 -5.89345 7.49925
3 16 -5.89345 -14.22776 7.49925 -5.35776 -12.93450 7.49925 -9.89940 -9.89940 7.49925
3 16 -5.89345 -14.22776 7.49925 -9.89940 -9.89940 7.49925 -10.88921 -10.88921 7.49925
3 16 0.00000 -15.39978 7.49925 0.00000 -14.00000 7.49925 -5.35776 -12.93450 7.49925
3 16 0.00000 -15.39978 7.49925 -5.35776 -12.93450 7.49925 -5.89345 -14.22776 7.49925
3 16 -16.79955 0.00000 7.49925 -15.52101 -6.42915 7.49925 -14.22776 -5.89345 7.49925
3 16 -16.79955 0.00000 7.49925 -14.22776 -5.89345 7.49925 -15.39978 0.00000 7.49925
3 16 -15.52101 -6.42915 7.49925 -11.87899 -11.87899 7.49925 -10.88921 -10.88921 7.49925
3 16 -15.52101 -6.42915 7.49925 -10.88921 -10.88921 7.49925 -14.22776 -5.89345 7.49925
3 16 -11.87899 -11.87899 7.49925 -6.42915 -15.52101 7.49925 -5.89345 -14.22776 7.49925
3 16 -11.87899 -11.87899 7.49925 -5.89345 -14.22776 7.49925 -10.88921 -10.88921 7.49925
3 16 -6.42915 -15.52101 7.49925 0.00000 -16.79955 7.49925 0.00000 -15.39978 7.49925
3 16 -6.42915 -15.52101 7.49925 0.00000 -15.39978 7.49925 -5.89345 -14.22776 7.49925
3 16 0.00000 -16.79955 7.49925 6.42915 -15.52101 7.49925 5.89345 -14.22776 7.49925
3 16 0.00000 -16.79955 7.49925 5.89345 -14.22776 7.49925 0.00000 -15.39978 7.49925
3 16 6.42915 -15.52101 7.49925 11.87899 -11.87899 7.49925 10.88921 -10.88921 7.49925
3 16 6.42915 -15.52101 7.49925 10.88921 -10.88921 7.49925 5.89345 -14.22776 7.49925
3 16 11.87899 -11.87899 7.49925 15.52101 -6.42915 7.49925 14.22776 -5.89345 7.49925
3 16 11.87899 -11.87899 7.49925 14.22776 -5.89345 7.49925 10.88921 -10.88921 7.49925
3 16 15.52101 -6.42915 7.49925 16.79955 0.00000 7.49925 15.39978 0.00000 7.49925
3 16 15.52101 -6.42915 7.49925 15.39978 0.00000 7.49925 14.22776 -5.89345 7.49925
3 16 16.79955 0.00000 7.49925 15.52101 6.42915 7.49925 14.22776 5.89345 7.49925
3 16 16.79955 0.00000 7.49925 14.22776 5.89345 7.49925 15.39978 0.00000 7.49925
3 16 15.52101 6.42915 7.49925 11.87899 11.87899 7.49925 10.88921 10.88921 7.49925
3 16 15.52101 6.42915 7.49925 10.88921 10.88921 7.49925 14.22776 5.89345 7.49925
3 16 11.87899 11.87899 7.49925 6.42915 15.52101 7.49925 5.89345 14.22776 7.49925
3 16 11.87899 11.87899 7.49925 5.89345 14.22776 7.49925 10.88921 10.88921 7.49925
3 16 6.42915 15.52101 7.49925 0.00000 16.79955 7.49925 0.00000 15.39978 7.49925
3 16 6.42915 15.52101 7.49925 0.00000 15.39978 7.49925 5.89345 14.22776 7.49925
3 16 0.00000 16.79955 7.49925 -6.42915 15.52101 7.49925 -5.89345 14.22776 7.49925
3 16 0.00000 16.79955 7.49925 -5.89345 14.22776 7.49925 0.00000 15.39978 7.49925
3 16 -6.42915 15.52101 7.49925 -11.87899 11.87899 7.49925 -10.88921 10.88921 7.49925
3 16 -6.42915 15.52101 7.49925 -10.88921 10.88921 7.49925 -5.89345 14.22776 7.49925
3 16 -11.87899 11.87899 7.49925 -15.52101 6.42915 7.49925 -14.22776 5.89345 7.49925
3 16 -11.87899 11.87899 7.49925 -14.22776 5.89345 7.49925 -10.88921 10.88921 7.49925
3 16 -15.52101 6.42915 7.49925 -16.79955 0.00000 7.49925 -15.39978 0.00000 7.49925
3 16 -15.52101 6.42915 7.49925 -15.39978 0.00000 7.49925 -14.22776 5.89345 7.49925
3 16 -16.79955 0.00000 -7.50000 -15.52101 -6.42915 -7.50000 -15.76796 -6.53113 -7.42744
3 16 -16.79955 0.00000 -7.50000 -15.76796 -6.53113 -7.42744 -17.06789 0.00000 -7.42744
3 16 -17.06789 0.00000 -7.42744 -15.76796 -6.53113 -7.42744 -15.97837 -6.61799 -7.22497
3 16 -17.06789 0.00000 -7.42744 -15.97837 -6.61799 -7.22497 -17.29465 0.00000 -7.22497
3 16 -17.29465 0.00000 -7.22497 -15.97837 -6.61799 -7.22497 -16.11820 -6.67595 -6.92125
3 16 -17.29465 0.00000 -7.22497 -16.11820 -6.67595 -6.92125 -17.44583 0.00000 -6.92125
3 16 -17.44583 0.00000 -6.92125 -16.11820 -6.67595 -6.92125 -16.16721 -6.69766 -6.56184
3 16 -17.44583 0.00000 -6.92125 -16.16721 -6.69766 -6.56184 -17.50000 0.00000 -6.56184
3 16 -15.52101 -6.42915 -7.50000 -11.87899 -11.87899 -7.50000 -12.06796 -12.06796 -7.42744
3 16 -15.52101 -6.42915 -7.50000 -12.06796 -12.06796 -7.42744 -15.76796 -6.53113 -7.42744
3 16 -15.76796 -6.53113 -7.42744 -12.06796 -12.06796 -7.42744 -12.22922 -12.22922 -7.22497
3 16 -15.76796 -6.53113 -7.42744 -12.22922 -12.22922 -7.22497 -15.97837 -6.61799 -7.22497
3 16 -15.97837 -6.61799 -7.22497 -12.22922 -12.22922 -7.22497 -12.33630 -12.33630 -6.92125
3 16 -15.97837 -6.61799 -7.22497 -12.33630 -12.33630 -6.92125 -16.11820 -6.67595 -6.92125
3 16 -16.11820 -6.67595 -6.92125 -12.33630 -12.33630 -6.92125 -12.37409 -12.37409 -6.56184
3 16 -16.11820 -6.67595 -6.92125 -12.37409 -12.37409 -6.56184 -16.16721 -6.69766 -6.56184
3 16 -11.87899 -11.87899 -7.50000 -6.42915 -15.52101 -7.50000 -6.53113 -15.76796 -7.42744
3 16 -11.87899 -11.87899 -7.50000 -6.53113 -15.76796 -7.42744 -12.06796 -12.06796 -7.42744
3 16 -12.06796 -12.06796 -7.42744 -6.53113 -15.76796 -7.42744 -6.61799 -15.97837 -7.22497
3 16 -12.06796 -12.06796 -7.42744 -6.61799 -15.97837 -7.22497 -12.22922 -12.22922 -7.22497
3 16 -12.22922 -12.22922 -7.22497 -6.61799 -15.97837 -7.22497 -6.67595 -16.11820 -6.92125
3 16 -12.22922 -12.22922 -7.22497 -6.67595 -16.11820 -6.92125 -12.33630 -12.33630 -6.92125
3 16 -12.33630 -12.33630 -6.92125 -6.67595 -16.11820 -6.92125 -6.69766 -16.16721 -6.56184
3 16 -12.33630 -12.33630 -6.92125 -6.69766 -16.16721 -6.56184 -12.37409 -12.37409 -6.56184
3 16 -6.42915 -15.52101 -7.50000 0.00000 -16.79955 -7.50000 0.00000 -17.06789 -7.42744
3 16 -6.42915 -15.52101 -7.50000 0.00000 -17.06789 -7.42744 -6.53113 -15.76796 -7.42744
3 16 -6.53113 -15.76796 -7.42744 0.00000 -17.06789 -7.42744 0.00000 -17.29465 -7.22497
3 16 -6.53113 -15.76796 -7.42744 0.00000 -17.29465 -7.22497 -6.61799 -15.97837 -7.22497
3 16 -6.61799 -15.97837 -7.22497 0.00000 -17.29465 -7.22497 0.00000 -17.44583 -6.92125
3 16 -6.61799 -15.97837 -7.22497 0.00000 -17.44583 -6.92125 -6.67595 -16.11820 -6.92125
3 16 -6.67595 -16.11820 -6.92125 0.00000 -17.44583 -6.92125 0.00000 -17.50000 -6.56184
3 16 -6.67595 -16.11820 -6.92125 0.00000 -17.50000 -6.56184 -6.69766 -16.16721 -6.56184
3 16 0.00000 -16.79955 -7.50000 6.42915 -15.52101 -7.50000 6.53113 -15.76796 -7.42744
3 16 0.00000 -16.79955 -7.50000 6.53113 -15.76796 -7.42744 0.00000 -17.06789 -7.42744
3 16 0.00000 -17.06789 -7.42744 6.53113 -15.76796 -7.42744 6.61799 -15.97837 -7.22497
3 16 0.00000 -17.06789 -7.42744 6.61799 -15.97837 -7.22497 0.00000 -17.29465 -7.22497
3 16 0.00000 -17.29465 -7.22497 6.61799 -15.97837 -7.22497 6.67595 -16.11820 -6.92125
3 16 0.00000 -17.29465 -7.22497 6.67595 -16.11820 -6.92125 0.00000 -17.44583 -6.92125
3 16 0.00000 -17.44583 -6.92125 6.67595 -16.11820 -6.92125 6.69766 -16.16721 -6.56184
3 16 0.00000 -17.44583 -6.92125 6.69766 -16.16721 -6.56184 0.00000 -17.50000 -6.56184
3 16 6.42915 -15.52101 -7.50000 11.87899 -11.87899 -7.50000 12.06796 -12.06796 -7.42744
3 16 6.42915 -15.52101 -7.50000 12.06796 -12.06796 -7.42744 6.53113 -15.76796 -7.42744
3 16 6.53113 -15.76796 -7.42744 12.06796 -12.06796 -7.42744 12.22922 -12.22922 -7.22497
3 16 6.53113 -15.76796 -7.42744 12.22922 -12.22922 -7.22497 6.61799 -15.97837 -7.22497
3 16 6.61799 -15.97837 -7.22497 12.22922 -12.22922 -7.22497 12.33630 -12.33630 -6.92125
3 16 6.61799 -15.97837 -7.22497 12.33630 -12.33630 -6.92125 6.67595 -16.11820 -6.92125
3 16 6.67595 -16.11820 -6.92125 12.33630 -12.33630 -6.92125 12.37409 -12.37409 -6.56184
3 16 6.67595 -16.11820 -6.92125 12.37409 -12.37409 -6.56184 6.69766 -16.16721 -6.56184
3 16 11.87899 -11.87899 -7.50000 15.52101 -6.42915 -7.50000 15.76796 -6.53113 -7.42744
3 16 11.87899 -11.87899 -7.50000 15.76796 -6.53113 -7.42744 12.06796 -12.06796 -7.42744
3 16 12.06796 -12.06796 -7.42744 15.76796 -6.53113 -7.42744 15.97837 -6.61799 -7.22497
3 16 12.06796 -12.06796 -7.42744 15.97837 -6.61799 -7.22497 12.22922 -12.22922 -7.22497
3 16 12.22922 -12.22922 -7.22497 15.97837 -6.61799 -7.22497 16.11820 -6.67595 -6.92125
3 16 12.22922 -12.22922 -7.22497 16.11820 -6.67595 -6.92125 12.33630 -12.33630 -6.92125
3 16 12.33630 -12.33630 -6.92125 16.11820 -6.67595 -6.92125 16.16721 -6.69766 -6.56184
3 16 12.33630 -12.33630 -6.92125 16.16721 -6.69766 -6.56184 12.37409 -12.37409 -6.56184
3 16 15.52101 -6.42915 -7.50000 16.79955 0.00000 -7.50000 17.06789 0.00000 -7.42744
3 16 15.52101 -6.42915 -7.50000 17.06789 0.00000 -7.42744 15.76796 -6.53113 -7.42744
3 16 15.76796 -6.53113 -7.42744 17.06789 0.00000 -7.42744 17.29465 0.00000 -7.22497
3 16 15.76796 -6.53113 -7.42744 17.29465 0.00000 -7.22497 15.97837 -6.61799 -7.22497
3 16 15.97837 -6.61799 -7.22497 17.29465 0.00000 -7.22497 17.44583 0.00000 -6.92125
3 16 15.97837 -6.61799 -7.22497 17.44583 0.00000 -6.92125 16.11820 -6.67595 -6.92125
3 16 16.11820 -6.67595 -6.92125 17.44583 0.00000 -6.92125 17.50000 0.00000 -6.56184
3 16 16.11820 -6.67595 -6.92125 17.50000 0.00000 -6.56184 16.16721 -6.69766 -6.56184
3 16 16.79955 0.00000 -7.50000 15.52101 6.42915 -7.50000 15.76796 6.53113 -7.42744
3 16 16.79955 0.00000 -7.50000 15.76796 6.53113 -7.42744 17.06789 0.00000 -7.42744
3 16 17.06789 0.00000 -7.42744 15.76796 6.53113 -7.42744 15.97837 6.61799 -7.22497
3 16 17.06789 0.00000 -7.42744 15.97837 6.61799 -7.22497 17.29465 0.00000 -7.22497
3 16 17.29465 0.00000 -7.22497 15.97837 6.61799 -7.22497 16.11820 6.67595 -6.92125
3 16 17.29465 0.00000 -7.22497 16.11820 6.67595 -6.92125 17.44583 0.00000 -6.92125
3 16 17.44583 0.00000 -6.92125 16.11820 6.67595 -6.92125 16.16721 6.69766 -6.56184
3 16 17.44583 0.00000 -6.92125 16.16721 6.69766 -6.56184 17.50000 0.00000 -6.56184
3 16 15.52101 6.42915 -7.50000 11.87899 11.87899 -7.50000 12.06796 12.06796 -7.42744
3 16 15.52101 6.42915 -7.50000 12.06796 12.06796 -7.42744 15.76796 6.53113 -7.42744
3 16 15.76796 6.53113 -7.42744 12.06796 12.06796 -7.42744 12.22922 12.22922 -7.22497
3 16 15.76796 6.53113 -7.42744 12.22922 12.22922 -7.22497 15.97837 6.61799 -7.22497
3 16 15.97837 6.61799 -7.22497 12.22922 12.22922 -7.22497 12.33630 12.33630 -6.92125
3 16 15.97837 6.61799 -7.22497 12.33630 12.33630 -6.92125 16.11820 6.67595 -6.92125
3 16 16.11820 6.67595 -6.92125 12.33630 12.33630 -6.92125 12.37409 12.37409 -6.56184
3 16 16.11820 6.67595 -6.92125 12.37409 12.37409 -6.56184 16.16721 6.69766 -6.56184
3 16 11.87899 11.87899 -7.50000 6.42915 15.52101 -7.50000 6.53113 15.76796 -7.42744
3 16 11.87899 11.87899 -7.50000 6.53113 15.76796 -7.42744 12.06796 12.06796 -7.42744
3 16 12.06796 12.06796 -7.42744 6.53113 15.76796 -7.42744 6.61799 15.97837 -7.22497
3 16 12.06796 12.06796 -7.42744 6.61799 15.97837 -7.22497 12.22922 12.22922 -7.22497
3 16 12.22922 12.22922 -7.22497 6.61799 15.97837 -7.22497 6.67595 16.11820 -6.92125
3 16 12.22922 12.22922 -7.22497 6.67595 16.11820 -6.92125 12.33630 12.33630 -6.92125
3 16 12.33630 12.33630 -6.92125 6.67595 16.11820 -6.92125 6.69766 16.16721 -6.56184
3 16 12.33630 12.33630 -6.92125 6.69766 16.16721 -6.56184 12.37409 12.37409 -6.56184
3 16 6.42915 15.52101 -7.50000 0.00000 16.79955 -7.50000 0.00000 17.06789 -7.42744
3 16 6.42915 15.52101 -7.50000 0.00000 17.06789 -7.42744 6.53113 15.76796 -7.42744
3 16 6.53113 15.76796 -7.42744 0.00000 17.06789 -7.42744 0.00000 17.29465 -7.22497
3 16 6.53113 15.76796 -7.42744 0.00000 17.29465 -7.22497 6.61799 15.97837 -7.22497
3 16 6.61799 15.97837 -7.22497 0.00000 17.29465 -7.22497 0.00000 17.44583 -6.92125
3 16 6.61799 15.97837 -7.22497 0.00000 17.44583 -6.92125 6.67595 16.11820 -6.92125
3 16 6.67595 16.11820 -6.92125 0.00000 17.44583 -6.92125 0.00000 17.50000 -6.56184
3 16 6.67595 16.11820 -6.92125 0.00000 17.50000 -6.56184 6.69766 16.16721 -6.56184
3 16 0.00000 16.79955 -7.50000 -6.42915 15.52101 -7.50000 -6.53113 15.76796 -7.42744
3 16 0.00000 16.79955 -7.50000 -6.53113 15.76796 -7.42744 0.00000 17.06789 -7.42744
3 16 0.00000 17.06789 -7.42744 -6.53113 15.76796 -7.42744 -6.61799 15.97837 -7.22497
3 16 0.00000 17.06789 -7.42744 -6.61799 15.97837 -7.22497 0.00000 17.29465 -7.22497
3 16 0.00000 17.29465 -7.22497 -6.61799 15.97837 -7.22497 -6.67595 16.11820 -6.92125
3 16 0.00000 17.29465 -7.22497 -6.67595 16.11820 -6.92125 0.00000 17.44583 -6.92125
3 16 0.00000 17.44583 -6.92125 -6.67595 16.11820 -6.92125 -6.69766 16.16721 -6.56184
3 16 0.00000 17.44583 -6.92125 -6.69766 16.16721 -6.56184 0.00000 17.50000 -6.56184
3 16 -6.42915 15.52101 -7.50000 -11.87899 11.87899 -7.50000 -12.06796 12.06796 -7.42744
3 16 -6.42915 15.52101 -7.50000 -12.06796 12.06796 -7.42744 -6.53113 15.76796 -7.42744
3 16 -6.53113 15.76796 -7.42744 -12.06796 12.06796 -7.42744 -12.22922 12.22922 -7.22497
3 16 -6.53113 15.76796 -7.42744 -12.22922 12.22922 -7.22497 -6.61799 15.97837 -7.22497
3 16 -6.61799 15.97837 -7.22497 -12.22922 12.22922 -7.22497 -12.33630 12.33630 -6.92125
3 16 -6.61799 15.97837 -7.22497 -12.33630 12.33630 -6.92125 -6.67595 16.11820 -6.92125
3 16 -6.67595 16.11820 -6.92125 -12.33630 12.33630 -6.92125 -12.37409 12.37409 -6.56184
3 16 -6.67595 16.11820 -6.92125 -12.37409 12.37409 -6.56184 -6.69766 16.16721 -6.56184
3 16 -11.87899 11.87899 -7.50000 -15.52101 6.42915 -7.50000 -15.76796 6.53113 -7.42744
3 16 -11.87899 11.87899 -7.50000 -15.76796 6.53113 -7.42744 -12.06796 12.06796 -7.42744
3 16 -12.06796 12.06796 -7.42744 -15.76796 6.53113 -7.42744 -15.97837 6.61799 -7.22497
3 16 -12.06796 12.06796 -7.42744 -15.97837 6.61799 -7.22497 -12.22922 12.22922 -7.22497
3 16 -12.22922 12.22922 -7.22497 -15.97837 6.61799 -7.22497 -16.11820 6.67595 -6.92125
3 16 -12.22922 12.22922 -7.22497 -16.11820 6.67595 -6.92125 -12.33630 12.33630 -6.92125
3 16 -12.33630 12.33630 -6.92125 -16.11820 6.67595 -6.92125 -16.16721 6.69766 -6.56184
3 16 -12.33630 12.33630 -6.92125 -16.16721 6.69766 -6.56184 -12.37409 12.37409 -6.56184
3 16 -15.52101 6.42915 -7.50000 -16.79955 0.00000 -7.50000 -17.06789 0.00000 -7.42744
3 16 -15.52101 6.42915 -7.50000 -17.06789 0.00000 -7.42744 -15.76796 6.53113 -7.42744
3 16 -15.76796 6.53113 -7.42744 -17.06789 0.00000 -7.42744 -17.29465 0.00000 -7.22497
3 16 -15.76796 6.53113 -7.42744 -17.29465 0.00000 -7.22497 -15.97837 6.61799 -7.22497
3 16 -15.97837 6.61799 -7.22497 -17.29465 0.00000 -7.22497 -17.44583 0.00000 -6.92125
3 16 -15.97837 6.61799 -7.22497 -17.44583 0.00000 -6.92125 -16.11820 6.67595 -6.92125
3 16 -16.11820 6.67595 -6.92125 -17.44583 0.00000 -6.92125 -17.50000 0.00000 -6.56184
3 16 -16.11820 6.67595 -6.92125 -17.50000 0.00000 -6.56184 -16.16721 6.69766 -6.56184
3 16 16.79955 0.00000 7.50000 15.52101 -6.42915 7.50000 15.76796 -6.53113 7.42744
3 16 16.79955 0.00000 7.50000 15.76796 -6.53113 7.42744 17.06789 0.00000 7.42744
3 16 17.06789 0.00000 7.42744 15.76796 -6.53113 7.42744 15.97837 -6.61799 7.22497
3 16 17.06789 0.00000 7.42744 15.97837 -6.61799 7.22497 17.29465 0.00000 7.22497
3 16 17.29465 0.00000 7.22497 15.97837 -6.61799 7.22497 16.11820 -6.67595 6.92125
3 16 17.29465 0.00000 7.22497 16.11820 -6.67595 6.92125 17.44583 0.00000 6.92125
3 16 17.44583 0.00000 6.92125 16.11820 -6.67595 6.92125 16.16721 -6.69766 6.56184
3 16 17.44583 0.00000 6.92125 16.16721 -6.69766 6.56184 17.50000 0.00000 6.56184
3 16 15.52101 -6.42915 7.50000 11.87899 -11.87899 7.50000 12.06796 -12.06796 7.42744
3 16 15.52101 -6.42915 7.50000 12.06796 -12.06796 7.42744 15.76796 -6.53113 7.42744
3 16 15.76796 -6.53113 7.42744 12.06796 -12.06796 7.42744 12.22922 -12.22922 7.22497
3 16 15.76796 -6.53113 7.42744 12.22922 -12.22922 7.22497 15.97837 -6.61799 7.22497
3 16 15.97837 -6.61799 7.22497 12.22922 -12.22922 7.22497 12.33630 -12.33630 6.92125
3 16 15.97837 -6.61799 7.22497 12.33630 -12.33630 6.92125 16.11820 -6.67595 6.92125
3 16 16.11820 -6.67595 6.92125 12.33630 -12.33630 6.92125 12.37409 -12.37409 6.56184
3 16 16.11820 -6.67595 6.92125 12.37409 -12.37409 6.56184 16.16721 -6.69766 6.56184
3 16 11.87899 -11.87899 7.50000 6.42915 -15.52101 7.50000 6.53113 -15.76796 7.42744
3 16 11.87899 -11.87899 7.50000 6.53113 -15.76796 7.42744 12.06796 -12.06796 7.42744
3 16 12.06796 -12.06796 7.42744 6.53113 -15.76796 7.42744 6.61799 -15.97837 7.22497
3 16 12.06796 -12.06796 7.42744 6.61799 -15.97837 7.22497 12.22922 -12.22922 7.22497
3 16 12.22922 -12.22922 7.22497 6.61799 -15.97837 7.22497 6.67595 -16.11820 6.92125
3 16 12.22922 -12.22922 7.22497 6.67595 -16.11820 6.92125 12.33630 -12.33630 6.92125
3 16 12.33630 -12.33630 6.92125 6.67595 -16.11820 6.92125 6.69766 -16.16721 6.56184
3 16 12.33630 -12.33630 6.92125 6.69766 -16.16721 6.56184 12.37409 -12.37409 6.56184
3 16 6.42915 -15.52101 7.50000 0.00000 -16.79955 7.50000 0.00000 -17.06789 7.42744
3 16 6.42915 -15.52101 7.50000 0.00000 -17.06789 7.42744 6.53113 -15.76796 7.42744
3 16 6.53113 -15.76796 7.42744 0.00000 -17.06789 7.42744 0.00000 -17.29465 7.22497
3 16 6.53113 -15.76796 7.42744 0.00000 -17.29465 7.22497 6.61799 -15.97837 7.22497
3 16 6.61799 -15.97837 7.22497 0.00000 -17.29465 7.22497 0.00000 -17.44583 6.92125
3 16 6.61799 -15.97837 7.22497 0.00000 -17.44583 6.92125 6.67595 -16.11820 6.92125
3 16 6.67595 -16.11820 6.92125 0.00000 -17.44583 6.92125 0.00000 -17.50000 6.56184
3 16 6.67595 -16.11820 6.92125 0.00000 -17.50000 6.56184 6.69766 -16.16721 6.56184
3 16 0.00000 -16.79955 7.50000 -6.42915 -15.52101 7.50000 -6.53113 -15.76796 7.42744
3 16 0.00000 -16.79955 7.50000 -6.53113 -15.76796 7.42744 0.00000 -17.06789 7.42744
3 16 0.00000 -17.06789 7.42744 -6.53113 -15.76796 7.42744 -6.61799 -15.97837 7.22497
3 16 0.00000 -17.06789 7.42744 -6.61799 -15.97837 7.22497 0.00000 -17.29465 7.22497
3 16 0.00000 -17.29465 7.22497 -6.61799 -15.97837 7.22497 -6.67595 -16.11820 6.92125
3 16 0.00000 -17.29465 7.22497 -6.67595 -16.11820 6.92125 0.00000 -17.44583 6.92125
3 16 0.00000 -17.44583 6.92125 -6.67595 -16.11820 6.92125 -6.69766 -16.16721 6.56184
3 16 0.00000 -17.44583 6.92125 -6.69766 -16.16721 6.56184 0.00000 -17.50000 6.56184
3 16 -6.42915 -15.52101 7.50000 -11.87899 -11.87899 7.50000 -12.06796 -12.06796 7.42744
3 16 -6.42915 -15.52101 7.50000 -12.06796 -12.06796 7.42744 -6.53113 -15.76796 7.42744
3 16 -6.53113 -15.76796 7.42744 -12.06796 -12.06796 7.42744 -12.22922 -12.22922 7.22497
3 16 -6.53113 -15.76796 7.42744 -12.22922 -12.22922 7.22497 -6.61799 -15.97837 7.22497
3 16 -6.61799 -15.97837 7.22497 -12.22922 -12.22922 7.22497 -12.33630 -12.33630 6.92125
3 16 -6.61799 -15.97837 7.22497 -12.33630 -12.33630 6.92125 -6.67595 -16.11820 6.92125
3 16 -6.67595 -16.11820 6.92125 -12.33630 -12.33630 6.92125 -12.37409 -12.37409 6.56184
3 16 -6.67595 -16.11820 6.92125 -12.37409 -12.37409 6.56184 -6.69766 -16.16721 6.56184
3 16 -11.87899 -11.87899 7.50000 -15.52101 -6.42915 7.50000 -15.76796 -6.53113 7.42744
3 16 -11.87899 -11.87899 7.50000 -15.76796 -6.53113 7.42744 -12.06796 -12.06796 7.42744
3 16 -12.06796 -12.06796 7.42744 -15.76796 -6.53113 7.42744 -15.97837 -6.61799 7.22497
3 16 -12.06796 -12.06796 7.42744 -15.97837 -6.61799 7.22497 -12.22922 -12.22922 7.22497
3 16 -12.22922 -12.22922 7.22497 -15.97837 -6.61799 7.22497 -16.11820 -6.67595 6.92125
3 16 -12.22922 -12.22922 7.22497 -16.11820 -6.67595 6.92125 -12.33630 -12.33630 6.92125
3 16 -12.33630 -12.33630 6.92125 -16.11820 -6.67595 6.92125 -16.16721 -6.69766 6.56184
3 16 -12.33630 -12.33630 6.92125 -16.16721 -6.69766 6.56184 -12.37409 -12.37409 6.56184
3 16 -15.52101 -6.42915 7.50000 -16.79955 0.00000 7.50000 -17.06789 0.00000 7.42744
3 16 -15.52101 -6.42915 7.50000 -17.06789 0.00000 7.42744 -15.76796 -6.53113 7.42744
3 16 -15.76796 -6.53113 7.42744 -17.06789 0.00000 7.42744 -17.29465 0.00000 7.22497
3 16 -15.76796 -6.53113 7.42744 -17.29465 0.00000 7.22497 -15.97837 -6.61799 7.22497
3 16 -15.97837 -6.61799 7.22497 -17.29465 0.00000 7.22497 -17.44583 0.00000 6.92125
3 16 -15.97837 -6.61799 7.22497 -17.44583 0.00000 6.92125 -16.11820 -6.67595 6.92125
3 16 -16.11820 -6.67595 6.92125 -17.44583 0.00000 6.92125 -17.50000 0.00000 6.56184
3 16 -16.11820 -6.67595 6.92125 -17.50000 0.00000 6.56184 -16.16721 -6.69766 6.56184
3 16 -16.79955 0.00000 7.50000 -15.52101 6.42915 7.50000 -15.76796 6.53113 7.42744
3 16 -16.79955 0.00000 7.50000 -15.76796 6.53113 7.42744 -17.06789 0.00000 7.42744
3 16 -17.06789 0.00000 7.42744 -15.76796 6.53113 7.42744 -15.97837 6.61799 7.22497
3 16 -17.06789 0.00000 7.42744 -15.97837 6.61799 7.22497 -17.29465 0.00000 7.22497
3 16 -17.29465 0.00000 7.22497 -15.97837 6.61799 7.22497 -16.11820 6.67595 6.92125
3 16 -17.29465 0.00000 7.22497 -16.11820 6.67595 6.92125 -17.44583 0.00000 6.92125
3 16 -17.44583 0.00000 6.92125 -16.11820 6.67595 6.92125 -16.16721 6.69766 6.56184
3 16 -17.44583 0.00000 6.92125 -16.16721 6.69766 6.56184 -17.50000 0.00000 6.56184
3 16 -15.52101 6.42915 7.50000 -11.87899 11.87899 7.50000 -12.06796 12.06796 7.42744
3 16 -15.52101 6.42915 7.50000 -12.06796 12.06796 7.42744 -15.76796 6.53113 7.42744
3 16 -15.76796 6.53113 7.42744 -12.06796 12.06796 7.42744 -12.22922 12.22922 7.22497
3 16 -15.76796 6.53113 7.42744 -12.22922 12.22922 7.22497 -15.97837 6.61799 7.22497
3 16 -15.97837 6.61799 7.22497 -12.22922 12.22922 7.22497 -12.33630 12.33630 6.92125
3 16 -15.97837 6.61799 7.22497 -12.33630 12.33630 6.92125 -16.11820 6.67595 6.92125
3 16 -16.11820 6.67595 6.92125 -12.33630 12.33630 6.92125 -12.37409 12.37409 6.56184
3 16 -16.11820 6.67595 6.92125 -12.37409 12.37409 6.56184 -16.16721 6.69766 6.56184
3 16 -11.87899 11.87899 7.50000 -6.42915 15.52101 7.50000 -6.53113 15.76796 7.42744
3 16 -11.87899 11.87899 7.50000 -6.53113 15.76796 7.42744 -12.06796 12.06796 7.42744
3 16 -12.06796 12.06796 7.42744 -6.53113 15.76796 7.42744 -6.61799 15.97837 7.22497
3 16 -12.06796 12.06796 7.42744 -6.61799 15.97837 7.22497 -12.22922 12.22922 7.22497
3 16 -12.22922 12.22922 7.22497 -6.61799 15.97837 7.22497 -6.67595 16.11820 6.92125
3 16 -12.22922 12.22922 7.22497 -6.67595 16.11820 6.92125 -12.33630 12.33630 6.92125
3 16 -12.33630 12.33630 6.92125 -6.67595 16.11820 6.92125 -6.69766 16.16721 6.56184
3 16 -12.33630 12.33630 6.92125 -6.69766 16.16721 6.56184 -12.37409 12.37409 6.56184
3 16 -6.42915 15.52101 7.50000 0.00000 16.79955 7.50000 0.00000 17.06789 7.42744
3 16 -6.42915 15.52101 7.50000 0.00000 17.06789 7.42744 -6.53113 15.76796 7.42744
3 16 -6.53113 15.76796 7.42744 0.00000 17.06789 7.42744 0.00000 17.29465 7.22497
3 16 -6.53113 15.76796 7.42744 0.00000 17.29465 7.22497 -6.61799 15.97837 7.22497
3 16 -6.61799 15.97837 7.22497 0.00000 17.29465 7.22497 0.00000 17.44583 6.92125
3 16 -6.61799 15.97837 7.22497 0.00000 17.44583 6.92125 -6.67595 16.11820 6.92125
3 16 -6.67595 16.11820 6.92125 0.00000 17.44583 6.92125 0.00000 17.50000 6.56184
3 16 -6.67595 16.11820 6.92125 0.00000 17.50000 6.56184 -6.69766 16.16721 6.56184
3 16 0.00000 16.79955 7.50000 6.42915 15.52101 7.50000 6.53113 15.76796 7.42744
3 16 0.00000 16.79955 7.50000 6.53113 15.76796 7.42744 0.00000 17.06789 7.42744
3 16 0.00000 17.06789 7.42744 6.53113 15.76796 7.42744 6.61799 15.97837 7.22497
3 16 0.00000 17.06789 7.42744 6.61799 15.97837 7.22497 0.00000 17.29465 7.22497
3 16 0.00000 17.29465 7.22497 6.61799 15.97837 7.22497 6.67595 16.11820 6.92125
3 16 0.00000 17.29465 7.22497 6.67595 16.11820 6.92125 0.00000 17.44583 6.92125
3 16 0.00000 17.44583 6.92125 6.67595 16.11820 6.92125 6.69766 16.16721 6.56184
3 16 0.00000 17.44583 6.92125 6.69766 16.16721 6.56184 0.00000 17.50000 6.56184
3 16 6.42915 15.52101 7.50000 11.87899 11.87899 7.50000 12.06796 12.06796 7.42744
3 16 6.42915 15.52101 7.50000 12.06796 12.06796 7.42744 6.53113 15.76796 7.42744
3 16 6.53113 15.76796 7.42744 12.06796 12.06796 7.42744 12.22922 12.22922 7.22497
3 16 6.53113 15.76796 7.42744 12.22922 12.22922 7.22497 6.61799 15.97837 7.22497
3 16 6.61799 15.97837 7.22497 12.22922 12.22922 7.22497 12.33630 12.33630 6.92125
3 16 6.61799 15.97837 7.22497 12.33630 12.33630 6.92125 6.67595 16.11820 6.92125
3 16 6.67595 16.11820 6.92125 12.33630 12.33630 6.92125 12.37409 12.37409 6.56184
3 16 6.67595 16.11820 6.92125 12.37409 12.37409 6.56184 6.69766 16.16721 6.56184
3 16 11.87899 11.87899 7.50000 15.52101 6.42915 7.50000 15.76796 6.53113 7.42744
3 16 11.87899 11.87899 7.50000 15.76796 6.53113 7.42744 12.06796 12.06796 7.42744
3 16 12.06796 12.06796 7.42744 15.76796 6.53113 7.42744 15.97837 6.61799 7.22497
3 16 12.06796 12.06796 7.42744 15.97837 6.61799 7.22497 12.22922 12.22922 7.22497
3 16 12.22922 12.22922 7.22497 15.97837 6.61799 7.22497 16.11820 6.67595 6.92125
3 16 12.22922 12.22922 7.22497 16.11820 6.67595 6.92125 12.33630 12.33630 6.92125
3 16 12.33630 12.33630 6.92125 16.11820 6.67595 6.92125 16.16721 6.69766 6.56184
3 16 12.33630 12.33630 6.92125 16.16721 6.69766 6.56184 12.37409 12.37409 6.56184
3 16 15.52101 6.42915 7.50000 16.79955 0.00000 7.50000 17.06789 0.00000 7.42744
3 16 15.52101 6.42915 7.50000 17.06789 0.00000 7.42744 15.76796 6.53113 7.42744
3 16 15.76796 6.53113 7.42744 17.06789 0.00000 7.42744 17.29465 0.00000 7.22497
3 16 15.76796 6.53113 7.42744 17.29465 0.00000 7.22497 15.97837 6.61799 7.22497
3 16 15.97837 6.61799 7.22497 17.29465 0.00000 7.22497 17.44583 0.00000 6.92125
3 16 15.97837 6.61799 7.22497 17.44583 0.00000 6.92125 16.11820 6.67595 6.92125
3 16 16.11820 6.67595 6.92125 17.44583 0.00000 6.92125 17.50000 0.00000 6.56184
3 16 16.11820 6.67595 6.92125 17.50000 0.00000 6.56184 16.16721 6.69766 6.56184
3 16 17.49944 0.00000 6.56184 16.16763 -6.69700 6.56184 16.16763 -6.69700 -6.56184
3 16 17.49944 0.00000 6.56184 16.16763 -6.69700 -6.56184 17.49944 0.00000 -6.56184
3 16 16.16763 -6.69700 6.56184 12.37388 -12.37388 6.56184 12.37388 -12.37388 -6.56184
3 16 16.16763 -6.69700 6.56184 12.37388 -12.37388 -6.56184 16.16763 -6.69700 -6.56184
3 16 12.37388 -12.37388 6.56184 6.69700 -16.16763 6.56184 6.69700 -16.16763 -6.56184
3 16 12.37388 -12.37388 6.56184 6.69700 -16.16763 -6.56184 12.37388 -12.37388 -6.56184
3 16 6.69700 -16.16763 6.56184 0.00000 -17.49944 6.56184 0.00000 -17.49944 -6.56184
3 16 6.69700 -16.16763 6.56184 0.00000 -17.49944 -6.56184 6.69700 -16.16763 -6.56184
3 16 0.00000 -17.49944 6.56184 -6.69700 -16.16763 6.56184 -6.69700 -16.16763 -6.56184
3 16 0.00000 -17.49944 6.56184 -6.69700 -16.16763 -6.56184 0.00000 -17.49944 -6.56184
3 16 -6.69700 -16.16763 6.56184 -12.37388 -12.37388 6.56184 -12.37388 -12.37388 -6.56184
3 16 -6.69700 -16.16763 6.56184 -12.37388 -12.37388 -6.56184 -6.69700 -16.16763 -6.56184
3 16 -12.37388 -12.37388 6.56184 -16.16763 -6.69700 6.56184 -16.16763 -6.69700 -6.56184
3 16 -12.37388 -12.37388 6.56184 -16.16763 -6.69700 -6.56184 -12.37388 -12.37388 -6.56184
3 16 -16.16763 -6.69700 6.56184 -17.49944 0.00000 6.56184 -17.49944 0.00000 -6.56184
3 16 -16.16763 -6.69700 6.56184 -17.49944 0.00000 -6.56184 -16.16763 -6.69700 -6.56184
3 16 -17.49944 0.00000 6.56184 -16.16763 6.69700 6.56184 -16.16763 6.69700 -6.56184
3 16 -17.49944 0.00000 6.56184 -16.16763 6.69700 -6.56184 -17.49944 0.00000 -6.56184
3 16 -16.16763 6.69700 6.56184 -12.37388 12.37388 6.56184 -12.37388 12.37388 -6.56184
3 16 -16.16763 6.69700 6.56184 -12.37388 12.37388 -6.56184 -16.16763 6.69700 -6.56184
3 16 -12.37388 12.37388 6.56184 -6.69700 16.16763 6.56184 -6.69700 16.16763 -6.56184
3 16 -12.37388 12.37388 6.56184 -6.69700 16.16763 -6.56184 -12.37388 12.37388 -6.56184
3 16 -6.69700 16.16763 6.56184 0.00000 17.49944 6.56184 0.00000 17.49944 -6.56184
3 16 -6.69700 16.16763 6.56184 0.00000 17.49944 -6.56184 -6.69700 16.16763 -6.56184
3 16 0.00000 17.49944 6.56184 6.69700 16.16763 6.56184 6.69700 16.16763 -6.56184
3 16 0.00000 17.49944 6.56184 6.69700 16.16763 -6.56184 0.00000 17.49944 -6.56184
3 16 6.69700 16.16763 6.56184 12.37388 12.37388 6.56184 12.37388 12.37388 -6.56184
3 16 6.69700 16.16763 6.56184 12.37388 12.37388 -6.56184 6.69700 16.16763 -6.56184
3 16 12.37388 12.37388 6.56184 16.16763 6.69700 6.56184 16.16763 6.69700 -6.56184
3 16 12.37388 12.37388 6.56184 16.16763 6.69700 -6.56184 12.37388 12.37388 -6.56184
3 16 16.16763 6.69700 6.56184 17.49944 0.00000 6.56184 17.49944 0.00000 -6.56184
3 16 16.16763 6.69700 6.56184 17.49944 0.00000 -6.56184 16.16763 6.69700 -6.56184
3 16 12.00000 0.00000 0.93741 11.08680 -4.59240 0.93741 11.08680 -4.59240 -0.93741
3 16 12.00000 0.00000 0.93741 11.08680 -4.59240 -0.93741 12.00000 0.00000 -0.93741
3 16 11.08680 -4.59240 0.93741 8.48520 -8.48520 0.93741 8.48520 -8.48520 -0.93741
3 16 11.08680 -4.59240 0.93741 8.48520 -8.48520 -0.93741 11.08680 -4.59240 -0.93741
3 16 8.48520 -8.48520 0.93741 4.59240 -11.08680 0.93741 4.59240 -11.08680 -0.93741
3 16 8.48520 -8.48520 0.93741 4.59240 -11.08680 -0.93741 8.48520 -8.48520 -0.93741
3 16 4.59240 -11.08680 0.93741 0.00000 -12.00000 0.93741 0.00000 -12.00000 -0.93741
3 16 4.59240 -11.08680 0.93741 0.00000 -12.00000 -0.93741 4.59240 -11.08680 -0.93741
3 16 0.00000 -12.00000 0.93741 -4.59240 -11.08680 0.93741 -4.59240 -11.08680 -0.93741
3 16 0.00000 -12.00000 0.93741 -4.59240 -11.08680 -0.93741 0.00000 -12.00000 -0.93741
3 16 -4.59240 -11.08680 0.93741 -8.48520 -8.48520 0.93741 -8.48520 -8.48520 -0.93741
3 16 -4.59240 -11.08680 0.93741 -8.48520 -8.48520 -0.93741 -4.59240 -11.08680 -0.93741
3 16 -8.48520 -8.48520 0.93741 -11.08680 -4.59240 0.93741 -11.08680 -4.59240 -0.93741
3 16 -8.48520 -8.48520 0.93741 -11.08680 -4.59240 -0.93741 -8.48520 -8.48520 -0.93741
3 16 -11.08680 -4.59240 0.93741 -12.00000 0.00000 0.93741 -12.00000 0.00000 -0.93741
3 16 -11.08680 -4.59240 0.93741 -12.00000 0.00000 -0.93741 -11.08680 -4.59240 -0.93741
3 16 -12.00000 0.00000 0.93741 -11.08680 4.59240 0.93741 -11.08680 4.59240 -0.93741
3 16 -12.00000 0.00000 0.93741 -11.08680 4.59240 -0.93741 -12.00000 0.00000 -0.93741
3 16 -11.08680 4.59240 0.93741 -8.48520 8.48520 0.93741 -8.48520 8.48520 -0.93741
3 16 -11.08680 4.59240 0.93741 -8.48520 8.48520 -0.93741 -11.08680 4.59240 -0.93741
3 16 -8.48520 8.48520 0.93741 -4.59240 11.08680 0.93741 -4.59240 11.08680 -0.93741
3 16 -8.48520 8.48520 0.93741 -4.59240 11.08680 -0.93741 -8.48520 8.48520 -0.93741
3 16 -4.59240 11.08680 0.93741 0.00000 12.00000 0.93741 0.00000 12.00000 -0.93741
3 16 -4.59240 11.08680 0.93741 0.00000 12.00000 -0.93741 -4.59240 11.08680 -0.93741
3 16 0.00000 12.00000 0.93741 4.59240 11.08680 0.93741 4.59240 11.08680 -0.93741
3 16 0.00000 12.00000 0.93741 4.59240 11.08680 -0.93741 0.00000 12.00000 -0.93741
3 16 4.59240 11.08680 0.93741 8.48520 8.48520 0.93741 8.48520 8.48520 -0.93741
3 16 4.59240 11.08680 0.93741 8.48520 8.48520 -0.93741 4.59240 11.08680 -0.93741
3 16 8.48520 8.48520 0.93741 11.08680 4.59240 0.93741 11.08680 4.59240 -0.93741
3 16 8.48520 8.48520 0.93741 11.08680 4.59240 -0.93741 8.48520 8.48520 -0.93741
3 16 11.08680 4.59240 0.93741 12.00000 0.00000 0.93741 12.00000 0.00000 -0.93741
3 16 11.08680 4.59240 0.93741 12.00000 0.00000 -0.93741 11.08680 4.59240 -0.93741
3 16 14.00000 0.00000 -2.81222 12.93450 -5.35776 -2.81222 12.93450 -5.35776 -7.49925
3 16 14.00000 0.00000 -2.81222 12.93450 -5.35776 -7.49925 14.00000 0.00000 -7.49925
3 16 12.93450 -5.35776 -2.81222 9.89940 -9.89940 -2.81222 9.89940 -9.89940 -7.49925
3 16 12.93450 -5.35776 -2.81222 9.89940 -9.89940 -7.49925 12.93450 -5.35776 -7.49925
3 16 9.89940 -9.89940 -2.81222 5.35776 -12.93450 -2.81222 5.35776 -12.93450 -7.49925
3 16 9.89940 -9.89940 -2.81222 5.35776 -12.93450 -7.49925 9.89940 -9.89940 -7.49925
3 16 5.35776 -12.93450 -2.81222 0.00000 -14.00000 -2.81222 0.00000 -14.00000 -7.49925
3 16 5.35776 -12.93450 -2.81222 0.00000 -14.00000 -7.49925 5.35776 -12.93450 -7.49925
3 16 0.00000 -14.00000 -2.81222 -5.35776 -12.93450 -2.81222 -5.35776 -12.93450 -7.49925
3 16 0.00000 -14.00000 -2.81222 -5.35776 -12.93450 -7.49925 0.00000 -14.00000 -7.49925
3 16 -5.35776 -12.93450 -2.81222 -9.89940 -9.89940 -2.81222 -9.89940 -9.89940 -7.49925
3 16 -5.35776 -12.93450 -2.81222 -9.89940 -9.89940 -7.49925 -5.35776 -12.93450 -7.49925
3 16 -9.89940 -9.89940 -2.81222 -12.93450 -5.35776 -2.81222 -12.93450 -5.35776 -7.49925
3 16 -9.89940 -9.89940 -2.81222 -12.93450 -5.35776 -7.49925 -9.89940 -9.89940 -7.49925
3 16 -12.93450 -5.35776 -2.81222 -14.00000 0.00000 -2.81222 -14.00000 0.00000 -7.49925
3 16 -12.93450 -5.35776 -2.81222 -14.00000 0.00000 -7.49925 -12.93450 -5.35776 -7.49925
3 16 -14.00000 0.00000 -2.81222 -12.93450 5.35776 -2.81222 -12.93450 5.35776 -7.49925
3 16 -14.00000 0.00000 -2.81222 -12.93450 5.35776 -7.49925 -14.00000 0.00000 -7.49925
3 16 -12.93450 5.35776 -2.81222 -9.89940 9.89940 -2.81222 -9.89940 9.89940 -7.49925
3 16 -12.93450 5.35776 -2.81222 -9.89940 9.89940 -7.49925 -12.93450 5.35776 -7.49925
3 16 -9.89940 9.89940 -2.81222 -5.35776 12.93450 -2.81222 -5.35776 12.93450 -7.49925
3 16 -9.89940 9.89940 -2.81222 -5.35776 12.93450 -7.49925 -9.89940 9.89940 -7.49925
3 16 -5.35776 12.93450 -2.81222 0.00000 14.00000 -2.81222 0.00000 14.00000 -7.49925
3 16 -5.35776 12.93450 -2.81222 0.00000 14.00000 -7.49925 -5.35776 12.93450 -7.49925
3 16 0.00000 14.00000 -2.81222 5.35776 12.93450 -2.81222 5.35776 12.93450 -7.49925
3 16 0.00000 14.00000 -2.81222 5.35776 12.93450 -7.49925 0.00000 14.00000 -7.49925
3 16 5.35776 12.93450 -2.81222 9.89940 9.89940 -2.81222 9.89940 9.89940 -7.49925
3 16 5.35776 12.93450 -2.81222 9.89940 9.89940 -7.49925 5.35776 12.93450 -7.49925
3 16 9.89940 9.89940 -2.81222 12.93450 5.35776 -2.81222 12.93450 5.35776 -7.49925
3 16 9.89940 9.89940 -2.81222 12.93450 5.35776 -7.49925 9.89940 9.89940 -7.49925
3 16 12.93450 5.35776 -2.81222 14.00000 0.00000 -2.81222 14.00000 0.00000 -7.49925
3 16 12.93450 5.35776 -2.81222 14.00000 0.00000 -7.49925 12.93450 5.35776 -7.49925
3 16 14.00000 0.00000 7.49925 12.93450 -5.35776 7.49925 12.93450 -5.35776 2.81222
3 16 14.00000 0.00000 7.49925 12.93450 -5.35776 2.81222 14.00000 0.00000 2.81222
3 16 12.93450 -5.35776 7.49925 9.89940 -9.89940 7.49925 9.89940 -9.89940 2.81222
3 16 12.93450 -5.35776 7.49925 9.89940 -9.89940 2.81222 12.93450 -5.35776 2.81222
3 16 9.89940 -9.89940 7.49925 5.35776 -12.93450 7.49925 5.35776 -12.93450 2.81222
3 16 9.89940 -9.89940 7.49925 5.35776 -12.93450 2.81222 9.89940 -9.89940 2.81222
3 16 5.35776 -12.93450 7.49925 0.00000 -14.00000 7.49925 0.00000 -14.00000 2.81222
3 16 5.35776 -12.93450 7.49925 0.00000 -14.00000 2.81222 5.35776 -12.93450 2.81222
3 16 0.00000 -14.00000 7.49925 -5.35776 -12.93450 7.49925 -5.35776 -12.93450 2.81222
3 16 0.00000 -14.00000 7.49925 -5.35776 -12.93450 2.81222 0.00000 -14.00000 2.81222
3 16 -5.35776 -12.93450 7.49925 -9.89940 -9.89940 7.49925 -9.89940 -9.89940 2.81222
3 16 -5.35776 -12.93450 7.49925 -9.89940 -9.89940 2.81222 -5.35776 -12.93450 2.81222
3 16 -9.89940 -9.89940 7.49925 -12.93450 -5.35776 7.49925 -12.93450 -5.35776 2.81222
3 16 -9.89940 -9.89940 7.49925 -12.93450 -5.35776 2.81222 -9.89940 -9.89940 2.81222
3 16 -12.93450 -5.35776 7.49925 -14.00000 0.00000 7.49925 -14.00000 0.00000 2.81222
3 16 -12.93450 -5.35776 7.49925 -14.00000 0.00000 2.81222 -12.93450 -5.35776 2.81222
3 16 -14.00000 0.00000 7.49925 -12.93450 5.35776 7.49925 -12.93450 5.35776 2.81222
3 16 -14.00000 0.00000 7.49925 -12.93450 5.35776 2.81222 -14.00000 0.00000 2.81222
3 16 -12.93450 5.35776 7.49925 -9.89940 9.89940 7.49925 -9.89940 9.89940 2.81222
3 16 -12.93450 5.35776 7.49925 -9.89940 9.89940 2.81222 -12.93450 5.35776 2.81222
3 16 -9.89940 9.89940 7.49925 -5.35776 12.93450 7.49925 -5.35776 12.93450 2.81222
3 16 -9.89940 9.89940 7.49925 -5.35776 12.93450 2.81222 -9.89940 9.89940 2.81222
3 16 -5.35776 12.93450 7.49925 0.00000 14.00000 7.49925 0.00000 14.00000 2.81222
3 16 -5.35776 12.93450 7.49925 0.00000 14.00000 2.81222 -5.35776 12.93450 2.81222
3 16 0.00000 14.00000 7.49925 5.35776 12.93450 7.49925 5.35776 12.93450 2.81222
3 16 0.00000 14.00000 7.49925 5.35776 12.93450 2.81222 0.00000 14.00000 2.81222
3 16 5.35776 12.93450 7.49925 9.89940 9.89940 7.49925 9.89940 9.89940 2.81222
3 16 5.35776 12.93450 7.49925 9.89940 9.89940 2.81222 5.35776 12.93450 2.81222
3 16 9.89940 9.89940 7.49925 12.93450 5.35776 7.49925 12.93450 5.35776 2.81222
3 16 9.89940 9.89940 7.49925 12.93450 5.35776 2.81222 9.89940 9.89940 2.81222
3 16 12.93450 5.35776 7.49925 14.00000 0.00000 7.49925 14.00000 0.00000 2.81222
3 16 12.93450 5.35776 7.49925 14.00000 0.00000 2.81222 12.93450 5.35776 2.81222
