0 Rubik's Cube 56mm (display only)
0 Name: cube56.dat
0 Author: quadcuber
0 BFC NOCERTIFY

4 0 -70 -70 -70 70 -70 -70 70 70 -70 -70 70 -70
4 0 -70 70 70 70 70 70 70 -70 70 -70 -70 70
4 0 -70 -70 -70 -70 -70 70 70 -70 70 70 -70 -70
4 0 70 -70 -70 70 -70 70 70 70 70 70 70 -70
4 0 70 70 -70 70 70 70 -70 70 70 -70 70 -70
4 0 -70 70 -70 -70 70 70 -70 -70 70 -70 -70 -70
2 24 -70 -70 -70 70 -70 -70
2 24 70 -70 -70 70 70 -70
2 24 70 70 -70 -70 70 -70
2 24 -70 70 -70 -70 -70 -70
2 24 -70 -70 70 70 -70 70
2 24 70 -70 70 70 70 70
2 24 70 70 70 -70 70 70
2 24 -70 70 70 -70 -70 70
2 24 -70 -70 -70 -70 -70 70
2 24 70 -70 -70 70 -70 70
2 24 70 70 -70 70 70 70
2 24 -70 70 -70 -70 70 70
4 15 -66.6667 -71 -66.6667 -26.6667 -71 -66.6667 -26.6667 -69.5 -66.6667 -66.6667 -69.5 -66.6667
4 15 -66.6667 -69.5 -26.6667 -26.6667 -69.5 -26.6667 -26.6667 -71 -26.6667 -66.6667 -71 -26.6667
4 15 -66.6667 -71 -66.6667 -66.6667 -71 -26.6667 -26.6667 -71 -26.6667 -26.6667 -71 -66.6667
4 15 -26.6667 -71 -66.6667 -26.6667 -71 -26.6667 -26.6667 -69.5 -26.6667 -26.6667 -69.5 -66.6667
4 15 -26.6667 -69.5 -66.6667 -26.6667 -69.5 -26.6667 -66.6667 -69.5 -26.6667 -66.6667 -69.5 -66.6667
4 15 -66.6667 -69.5 -66.6667 -66.6667 -69.5 -26.6667 -66.6667 -71 -26.6667 -66.6667 -71 -66.6667
2 24 -66.6667 -71 -66.6667 -26.6667 -71 -66.6667
2 24 -26.6667 -71 -66.6667 -26.6667 -69.5 -66.6667
2 24 -26.6667 -69.5 -66.6667 -66.6667 -69.5 -66.6667
2 24 -66.6667 -69.5 -66.6667 -66.6667 -71 -66.6667
2 24 -66.6667 -71 -26.6667 -26.6667 -71 -26.6667
2 24 -26.6667 -71 -26.6667 -26.6667 -69.5 -26.6667
2 24 -26.6667 -69.5 -26.6667 -66.6667 -69.5 -26.6667
2 24 -66.6667 -69.5 -26.6667 -66.6667 -71 -26.6667
2 24 -66.6667 -71 -66.6667 -66.6667 -71 -26.6667
2 24 -26.6667 -71 -66.6667 -26.6667 -71 -26.6667
2 24 -26.6667 -69.5 -66.6667 -26.6667 -69.5 -26.6667
2 24 -66.6667 -69.5 -66.6667 -66.6667 -69.5 -26.6667
4 15 -66.6667 -71 -20 -26.6667 -71 -20 -26.6667 -69.5 -20 -66.6667 -69.5 -20
4 15 -66.6667 -69.5 20 -26.6667 -69.5 20 -26.6667 -71 20 -66.6667 -71 20
4 15 -66.6667 -71 -20 -66.6667 -71 20 -26.6667 -71 20 -26.6667 -71 -20
4 15 -26.6667 -71 -20 -26.6667 -71 20 -26.6667 -69.5 20 -26.6667 -69.5 -20
4 15 -26.6667 -69.5 -20 -26.6667 -69.5 20 -66.6667 -69.5 20 -66.6667 -69.5 -20
4 15 -66.6667 -69.5 -20 -66.6667 -69.5 20 -66.6667 -71 20 -66.6667 -71 -20
2 24 -66.6667 -71 -20 -26.6667 -71 -20
2 24 -26.6667 -71 -20 -26.6667 -69.5 -20
2 24 -26.6667 -69.5 -20 -66.6667 -69.5 -20
2 24 -66.6667 -69.5 -20 -66.6667 -71 -20
2 24 -66.6667 -71 20 -26.6667 -71 20
2 24 -26.6667 -71 20 -26.6667 -69.5 20
2 24 -26.6667 -69.5 20 -66.6667 -69.5 20
2 24 -66.6667 -69.5 20 -66.6667 -71 20
2 24 -66.6667 -71 -20 -66.6667 -71 20
2 24 -26.6667 -71 -20 -26.6667 -71 20
2 24 -26.6667 -69.5 -20 -26.6667 -69.5 20
2 24 -66.6667 -69.5 -20 -66.6667 -69.5 20
4 15 -66.6667 -71 26.6667 -26.6667 -71 26.6667 -26.6667 -69.5 26.6667 -66.6667 -69.5 26.6667
4 15 -66.6667 -69.5 66.6667 -26.6667 -69.5 66.6667 -26.6667 -71 66.6667 -66.6667 -71 66.6667
4 15 -66.6667 -71 26.6667 -66.6667 -71 66.6667 -26.6667 -71 66.6667 -26.6667 -71 26.6667
4 15 -26.6667 -71 26.6667 -26.6667 -71 66.6667 -26.6667 -69.5 66.6667 -26.6667 -69.5 26.6667
4 15 -26.6667 -69.5 26.6667 -26.6667 -69.5 66.6667 -66.6667 -69.5 66.6667 -66.6667 -69.5 26.6667
4 15 -66.6667 -69.5 26.6667 -66.6667 -69.5 66.6667 -66.6667 -71 66.6667 -66.6667 -71 26.6667
2 24 -66.6667 -71 26.6667 -26.6667 -71 26.6667
2 24 -26.6667 -71 26.6667 -26.6667 -69.5 26.6667
2 24 -26.6667 -69.5 26.6667 -66.6667 -69.5 26.6667
2 24 -66.6667 -69.5 26.6667 -66.6667 -71 26.6667
2 24 -66.6667 -71 66.6667 -26.6667 -71 66.6667
2 24 -26.6667 -71 66.6667 -26.6667 -69.5 66.6667
2 24 -26.6667 -69.5 66.6667 -66.6667 -69.5 66.6667
2 24 -66.6667 -69.5 66.6667 -66.6667 -71 66.6667
2 24 -66.6667 -71 26.6667 -66.6667 -71 66.6667
2 24 -26.6667 -71 26.6667 -26.6667 -71 66.6667
2 24 -26.6667 -69.5 26.6667 -26.6667 -69.5 66.6667
2 24 -66.6667 -69.5 26.6667 -66.6667 -69.5 66.6667
4 15 -20 -71 -66.6667 20 -71 -66.6667 20 -69.5 -66.6667 -20 -69.5 -66.6667
4 15 -20 -69.5 -26.6667 20 -69.5 -26.6667 20 -71 -26.6667 -20 -71 -26.6667
4 15 -20 -71 -66.6667 -20 -71 -26.6667 20 -71 -26.6667 20 -71 -66.6667
4 15 20 -71 -66.6667 20 -71 -26.6667 20 -69.5 -26.6667 20 -69.5 -66.6667
4 15 20 -69.5 -66.6667 20 -69.5 -26.6667 -20 -69.5 -26.6667 -20 -69.5 -66.6667
4 15 -20 -69.5 -66.6667 -20 -69.5 -26.6667 -20 -71 -26.6667 -20 -71 -66.6667
2 24 -20 -71 -66.6667 20 -71 -66.6667
2 24 20 -71 -66.6667 20 -69.5 -66.6667
2 24 20 -69.5 -66.6667 -20 -69.5 -66.6667
2 24 -20 -69.5 -66.6667 -20 -71 -66.6667
2 24 -20 -71 -26.6667 20 -71 -26.6667
2 24 20 -71 -26.6667 20 -69.5 -26.6667
2 24 20 -69.5 -26.6667 -20 -69.5 -26.6667
2 24 -20 -69.5 -26.6667 -20 -71 -26.6667
2 24 -20 -71 -66.6667 -20 -71 -26.6667
2 24 20 -71 -66.6667 20 -71 -26.6667
2 24 20 -69.5 -66.6667 20 -69.5 -26.6667
2 24 -20 -69.5 -66.6667 -20 -69.5 -26.6667
4 15 -20 -71 -20 20 -71 -20 20 -69.5 -20 -20 -69.5 -20
4 15 -20 -69.5 20 20 -69.5 20 20 -71 20 -20 -71 20
4 15 -20 -71 -20 -20 -71 20 20 -71 20 20 -71 -20
4 15 20 -71 -20 20 -71 20 20 -69.5 20 20 -69.5 -20
4 15 20 -69.5 -20 20 -69.5 20 -20 -69.5 20 -20 -69.5 -20
4 15 -20 -69.5 -20 -20 -69.5 20 -20 -71 20 -20 -71 -20
2 24 -20 -71 -20 20 -71 -20
2 24 20 -71 -20 20 -69.5 -20
2 24 20 -69.5 -20 -20 -69.5 -20
2 24 -20 -69.5 -20 -20 -71 -20
2 24 -20 -71 20 20 -71 20
2 24 20 -71 20 20 -69.5 20
2 24 20 -69.5 20 -20 -69.5 20
2 24 -20 -69.5 20 -20 -71 20
2 24 -20 -71 -20 -20 -71 20
2 24 20 -71 -20 20 -71 20
2 24 20 -69.5 -20 20 -69.5 20
2 24 -20 -69.5 -20 -20 -69.5 20
4 15 -20 -71 26.6667 20 -71 26.6667 20 -69.5 26.6667 -20 -69.5 26.6667
4 15 -20 -69.5 66.6667 20 -69.5 66.6667 20 -71 66.6667 -20 -71 66.6667
4 15 -20 -71 26.6667 -20 -71 66.6667 20 -71 66.6667 20 -71 26.6667
4 15 20 -71 26.6667 20 -71 66.6667 20 -69.5 66.6667 20 -69.5 26.6667
4 15 20 -69.5 26.6667 20 -69.5 66.6667 -20 -69.5 66.6667 -20 -69.5 26.6667
4 15 -20 -69.5 26.6667 -20 -69.5 66.6667 -20 -71 66.6667 -20 -71 26.6667
2 24 -20 -71 26.6667 20 -71 26.6667
2 24 20 -71 26.6667 20 -69.5 26.6667
2 24 20 -69.5 26.6667 -20 -69.5 26.6667
2 24 -20 -69.5 26.6667 -20 -71 26.6667
2 24 -20 -71 66.6667 20 -71 66.6667
2 24 20 -71 66.6667 20 -69.5 66.6667
2 24 20 -69.5 66.6667 -20 -69.5 66.6667
2 24 -20 -69.5 66.6667 -20 -71 66.6667
2 24 -20 -71 26.6667 -20 -71 66.6667
2 24 20 -71 26.6667 20 -71 66.6667
2 24 20 -69.5 26.6667 20 -69.5 66.6667
2 24 -20 -69.5 26.6667 -20 -69.5 66.6667
4 15 26.6667 -71 -66.6667 66.6667 -71 -66.6667 66.6667 -69.5 -66.6667 26.6667 -69.5 -66.6667
4 15 26.6667 -69.5 -26.6667 66.6667 -69.5 -26.6667 66.6667 -71 -26.6667 26.6667 -71 -26.6667
4 15 26.6667 -71 -66.6667 26.6667 -71 -26.6667 66.6667 -71 -26.6667 66.6667 -71 -66.6667
4 15 66.6667 -71 -66.6667 66.6667 -71 -26.6667 66.6667 -69.5 -26.6667 66.6667 -69.5 -66.6667
4 15 66.6667 -69.5 -66.6667 66.6667 -69.5 -26.6667 26.6667 -69.5 -26.6667 26.6667 -69.5 -66.6667
4 15 26.6667 -69.5 -66.6667 26.6667 -69.5 -26.6667 26.6667 -71 -26.6667 26.6667 -71 -66.6667
2 24 26.6667 -71 -66.6667 66.6667 -71 -66.6667
2 24 66.6667 -71 -66.6667 66.6667 -69.5 -66.6667
2 24 66.6667 -69.5 -66.6667 26.6667 -69.5 -66.6667
2 24 26.6667 -69.5 -66.6667 26.6667 -71 -66.6667
2 24 26.6667 -71 -26.6667 66.6667 -71 -26.6667
2 24 66.6667 -71 -26.6667 66.6667 -69.5 -26.6667
2 24 66.6667 -69.5 -26.6667 26.6667 -69.5 -26.6667
2 24 26.6667 -69.5 -26.6667 26.6667 -71 -26.6667
2 24 26.6667 -71 -66.6667 26.6667 -71 -26.6667
2 24 66.6667 -71 -66.6667 66.6667 -71 -26.6667
2 24 66.6667 -69.5 -66.6667 66.6667 -69.5 -26.6667
2 24 26.6667 -69.5 -66.6667 26.6667 -69.5 -26.6667
4 15 26.6667 -71 -20 66.6667 -71 -20 66.6667 -69.5 -20 26.6667 -69.5 -20
4 15 26.6667 -69.5 20 66.6667 -69.5 20 66.6667 -71 20 26.6667 -71 20
4 15 26.6667 -71 -20 26.6667 -71 20 66.6667 -71 20 66.6667 -71 -20
4 15 66.6667 -71 -20 66.6667 -71 20 66.6667 -69.5 20 66.6667 -69.5 -20
4 15 66.6667 -69.5 -20 66.6667 -69.5 20 26.6667 -69.5 20 26.6667 -69.5 -20
4 15 26.6667 -69.5 -20 26.6667 -69.5 20 26.6667 -71 20 26.6667 -71 -20
2 24 26.6667 -71 -20 66.6667 -71 -20
2 24 66.6667 -71 -20 66.6667 -69.5 -20
2 24 66.6667 -69.5 -20 26.6667 -69.5 -20
2 24 26.6667 -69.5 -20 26.6667 -71 -20
2 24 26.6667 -71 20 66.6667 -71 20
2 24 66.6667 -71 20 66.6667 -69.5 20
2 24 66.6667 -69.5 20 26.6667 -69.5 20
2 24 26.6667 -69.5 20 26.6667 -71 20
2 24 26.6667 -71 -20 26.6667 -71 20
2 24 66.6667 -71 -20 66.6667 -71 20
2 24 66.6667 -69.5 -20 66.6667 -69.5 20
2 24 26.6667 -69.5 -20 26.6667 -69.5 20
4 15 26.6667 -71 26.6667 66.6667 -71 26.6667 66.6667 -69.5 26.6667 26.6667 -69.5 26.6667
4 15 26.6667 -69.5 66.6667 66.6667 -69.5 66.6667 66.6667 -71 66.6667 26.6667 -71 66.6667
4 15 26.6667 -71 26.6667 26.6667 -71 66.6667 66.6667 -71 66.6667 66.6667 -71 26.6667
4 15 66.6667 -71 26.6667 66.6667 -71 66.6667 66.6667 -69.5 66.6667 66.6667 -69.5 26.6667
4 15 66.6667 -69.5 26.6667 66.6667 -69.5 66.6667 26.6667 -69.5 66.6667 26.6667 -69.5 26.6667
4 15 26.6667 -69.5 26.6667 26.6667 -69.5 66.6667 26.6667 -71 66.6667 26.6667 -71 26.6667
2 24 26.6667 -71 26.6667 66.6667 -71 26.6667
2 24 66.6667 -71 26.6667 66.6667 -69.5 26.6667
2 24 66.6667 -69.5 26.6667 26.6667 -69.5 26.6667
2 24 26.6667 -69.5 26.6667 26.6667 -71 26.6667
2 24 26.6667 -71 66.6667 66.6667 -71 66.6667
2 24 66.6667 -71 66.6667 66.6667 -69.5 66.6667
2 24 66.6667 -69.5 66.6667 26.6667 -69.5 66.6667
2 24 26.6667 -69.5 66.6667 26.6667 -71 66.6667
2 24 26.6667 -71 26.6667 26.6667 -71 66.6667
2 24 66.6667 -71 26.6667 66.6667 -71 66.6667
2 24 66.6667 -69.5 26.6667 66.6667 -69.5 66.6667
2 24 26.6667 -69.5 26.6667 26.6667 -69.5 66.6667
4 14 -66.6667 69.5 -66.6667 -26.6667 69.5 -66.6667 -26.6667 71 -66.6667 -66.6667 71 -66.6667
4 14 -66.6667 71 -26.6667 -26.6667 71 -26.6667 -26.6667 69.5 -26.6667 -66.6667 69.5 -26.6667
4 14 -66.6667 69.5 -66.6667 -66.6667 69.5 -26.6667 -26.6667 69.5 -26.6667 -26.6667 69.5 -66.6667
4 14 -26.6667 69.5 -66.6667 -26.6667 69.5 -26.6667 -26.6667 71 -26.6667 -26.6667 71 -66.6667
4 14 -26.6667 71 -66.6667 -26.6667 71 -26.6667 -66.6667 71 -26.6667 -66.6667 71 -66.6667
4 14 -66.6667 71 -66.6667 -66.6667 71 -26.6667 -66.6667 69.5 -26.6667 -66.6667 69.5 -66.6667
2 24 -66.6667 69.5 -66.6667 -26.6667 69.5 -66.6667
2 24 -26.6667 69.5 -66.6667 -26.6667 71 -66.6667
2 24 -26.6667 71 -66.6667 -66.6667 71 -66.6667
2 24 -66.6667 71 -66.6667 -66.6667 69.5 -66.6667
2 24 -66.6667 69.5 -26.6667 -26.6667 69.5 -26.6667
2 24 -26.6667 69.5 -26.6667 -26.6667 71 -26.6667
2 24 -26.6667 71 -26.6667 -66.6667 71 -26.6667
2 24 -66.6667 71 -26.6667 -66.6667 69.5 -26.6667
2 24 -66.6667 69.5 -66.6667 -66.6667 69.5 -26.6667
2 24 -26.6667 69.5 -66.6667 -26.6667 69.5 -26.6667
2 24 -26.6667 71 -66.6667 -26.6667 71 -26.6667
2 24 -66.6667 71 -66.6667 -66.6667 71 -26.6667
4 14 -66.6667 69.5 -20 -26.6667 69.5 -20 -26.6667 71 -20 -66.6667 71 -20
4 14 -66.6667 71 20 -26.6667 71 20 -26.6667 69.5 20 -66.6667 69.5 20
4 14 -66.6667 69.5 -20 -66.6667 69.5 20 -26.6667 69.5 20 -26.6667 69.5 -20
4 14 -26.6667 69.5 -20 -26.6667 69.5 20 -26.6667 71 20 -26.6667 71 -20
4 14 -26.6667 71 -20 -26.6667 71 20 -66.6667 71 20 -66.6667 71 -20
4 14 -66.6667 71 -20 -66.6667 71 20 -66.6667 69.5 20 -66.6667 69.5 -20
2 24 -66.6667 69.5 -20 -26.6667 69.5 -20
2 24 -26.6667 69.5 -20 -26.6667 71 -20
2 24 -26.6667 71 -20 -66.6667 71 -20
2 24 -66.6667 71 -20 -66.6667 69.5 -20
2 24 -66.6667 69.5 20 -26.6667 69.5 20
2 24 -26.6667 69.5 20 -26.6667 71 20
2 24 -26.6667 71 20 -66.6667 71 20
2 24 -66.6667 71 20 -66.6667 69.5 20
2 24 -66.6667 69.5 -20 -66.6667 69.5 20
2 24 -26.6667 69.5 -20 -26.6667 69.5 20
2 24 -26.6667 71 -20 -26.6667 71 20
2 24 -66.6667 71 -20 -66.6667 71 20
4 14 -66.6667 69.5 26.6667 -26.6667 69.5 26.6667 -26.6667 71 26.6667 -66.6667 71 26.6667
4 14 -66.6667 71 66.6667 -26.6667 71 66.6667 -26.6667 69.5 66.6667 -66.6667 69.5 66.6667
4 14 -66.6667 69.5 26.6667 -66.6667 69.5 66.6667 -26.6667 69.5 66.6667 -26.6667 69.5 26.6667
4 14 -26.6667 69.5 26.6667 -26.6667 69.5 66.6667 -26.6667 71 66.6667 -26.6667 71 26.6667
4 14 -26.6667 71 26.6667 -26.6667 71 66.6667 -66.6667 71 66.6667 -66.6667 71 26.6667
4 14 -66.6667 71 26.6667 -66.6667 71 66.6667 -66.6667 69.5 66.6667 -66.6667 69.5 26.6667
2 24 -66.6667 69.5 26.6667 -26.6667 69.5 26.6667
2 24 -26.6667 69.5 26.6667 -26.6667 71 26.6667
2 24 -26.6667 71 26.6667 -66.6667 71 26.6667
2 24 -66.6667 71 26.6667 -66.6667 69.5 26.6667
2 24 -66.6667 69.5 66.6667 -26.6667 69.5 66.6667
2 24 -26.6667 69.5 66.6667 -26.6667 71 66.6667
2 24 -26.6667 71 66.6667 -66.6667 71 66.6667
2 24 -66.6667 71 66.6667 -66.6667 69.5 66.6667
2 24 -66.6667 69.5 26.6667 -66.6667 69.5 66.6667
2 24 -26.6667 69.5 26.6667 -26.6667 69.5 66.6667
2 24 -26.6667 71 26.6667 -26.6667 71 66.6667
2 24 -66.6667 71 26.6667 -66.6667 71 66.6667
4 14 -20 69.5 -66.6667 20 69.5 -66.6667 20 71 -66.6667 -20 71 -66.6667
4 14 -20 71 -26.6667 20 71 -26.6667 20 69.5 -26.6667 -20 69.5 -26.6667
4 14 -20 69.5 -66.6667 -20 69.5 -26.6667 20 69.5 -26.6667 20 69.5 -66.6667
4 14 20 69.5 -66.6667 20 69.5 -26.6667 20 71 -26.6667 20 71 -66.6667
4 14 20 71 -66.6667 20 71 -26.6667 -20 71 -26.6667 -20 71 -66.6667
4 14 -20 71 -66.6667 -20 71 -26.6667 -20 69.5 -26.6667 -20 69.5 -66.6667
2 24 -20 69.5 -66.6667 20 69.5 -66.6667
2 24 20 69.5 -66.6667 20 71 -66.6667
2 24 20 71 -66.6667 -20 71 -66.6667
2 24 -20 71 -66.6667 -20 69.5 -66.6667
2 24 -20 69.5 -26.6667 20 69.5 -26.6667
2 24 20 69.5 -26.6667 20 71 -26.6667
2 24 20 71 -26.6667 -20 71 -26.6667
2 24 -20 71 -26.6667 -20 69.5 -26.6667
2 24 -20 69.5 -66.6667 -20 69.5 -26.6667
2 24 20 69.5 -66.6667 20 69.5 -26.6667
2 24 20 71 -66.6667 20 71 -26.6667
2 24 -20 71 -66.6667 -20 71 -26.6667
4 14 -20 69.5 -20 20 69.5 -20 20 71 -20 -20 71 -20
4 14 -20 71 20 20 71 20 20 69.5 20 -20 69.5 20
4 14 -20 69.5 -20 -20 69.5 20 20 69.5 20 20 69.5 -20
4 14 20 69.5 -20 20 69.5 20 20 71 20 20 71 -20
4 14 20 71 -20 20 71 20 -20 71 20 -20 71 -20
4 14 -20 71 -20 -20 71 20 -20 69.5 20 -20 69.5 -20
2 24 -20 69.5 -20 20 69.5 -20
2 24 20 69.5 -20 20 71 -20
2 24 20 71 -20 -20 71 -20
2 24 -20 71 -20 -20 69.5 -20
2 24 -20 69.5 20 20 69.5 20
2 24 20 69.5 20 20 71 20
2 24 20 71 20 -20 71 20
2 24 -20 71 20 -20 69.5 20
2 24 -20 69.5 -20 -20 69.5 20
2 24 20 69.5 -20 20 69.5 20
2 24 20 71 -20 20 71 20
2 24 -20 71 -20 -20 71 20
4 14 -20 69.5 26.6667 20 69.5 26.6667 20 71 26.6667 -20 71 26.6667
4 14 -20 71 66.6667 20 71 66.6667 20 69.5 66.6667 -20 69.5 66.6667
4 14 -20 69.5 26.6667 -20 69.5 66.6667 20 69.5 66.6667 20 69.5 26.6667
4 14 20 69.5 26.6667 20 69.5 66.6667 20 71 66.6667 20 71 26.6667
4 14 20 71 26.6667 20 71 66.6667 -20 71 66.6667 -20 71 26.6667
4 14 -20 71 26.6667 -20 71 66.6667 -20 69.5 66.6667 -20 69.5 26.6667
2 24 -20 69.5 26.6667 20 69.5 26.6667
2 24 20 69.5 26.6667 20 71 26.6667
2 24 20 71 26.6667 -20 71 26.6667
2 24 -20 71 26.6667 -20 69.5 26.6667
2 24 -20 69.5 66.6667 20 69.5 66.6667
2 24 20 69.5 66.6667 20 71 66.6667
2 24 20 71 66.6667 -20 71 66.6667
2 24 -20 71 66.6667 -20 69.5 66.6667
2 24 -20 69.5 26.6667 -20 69.5 66.6667
2 24 20 69.5 26.6667 20 69.5 66.6667
2 24 20 71 26.6667 20 71 66.6667
2 24 -20 71 26.6667 -20 71 66.6667
4 14 26.6667 69.5 -66.6667 66.6667 69.5 -66.6667 66.6667 71 -66.6667 26.6667 71 -66.6667
4 14 26.6667 71 -26.6667 66.6667 71 -26.6667 66.6667 69.5 -26.6667 26.6667 69.5 -26.6667
4 14 26.6667 69.5 -66.6667 26.6667 69.5 -26.6667 66.6667 69.5 -26.6667 66.6667 69.5 -66.6667
4 14 66.6667 69.5 -66.6667 66.6667 69.5 -26.6667 66.6667 71 -26.6667 66.6667 71 -66.6667
4 14 66.6667 71 -66.6667 66.6667 71 -26.6667 26.6667 71 -26.6667 26.6667 71 -66.6667
4 14 26.6667 71 -66.6667 26.6667 71 -26.6667 26.6667 69.5 -26.6667 26.6667 69.5 -66.6667
2 24 26.6667 69.5 -66.6667 66.6667 69.5 -66.6667
2 24 66.6667 69.5 -66.6667 66.6667 71 -66.6667
2 24 66.6667 71 -66.6667 26.6667 71 -66.6667
2 24 26.6667 71 -66.6667 26.6667 69.5 -66.6667
2 24 26.6667 69.5 -26.6667 66.6667 69.5 -26.6667
2 24 66.6667 69.5 -26.6667 66.6667 71 -26.6667
2 24 66.6667 71 -26.6667 26.6667 71 -26.6667
2 24 26.6667 71 -26.6667 26.6667 69.5 -26.6667
2 24 26.6667 69.5 -66.6667 26.6667 69.5 -26.6667
2 24 66.6667 69.5 -66.6667 66.6667 69.5 -26.6667
2 24 66.6667 71 -66.6667 66.6667 71 -26.6667
2 24 26.6667 71 -66.6667 26.6667 71 -26.6667
4 14 26.6667 69.5 -20 66.6667 69.5 -20 66.6667 71 -20 26.6667 71 -20
4 14 26.6667 71 20 66.6667 71 20 66.6667 69.5 20 26.6667 69.5 20
4 14 26.6667 69.5 -20 26.6667 69.5 20 66.6667 69.5 20 66.6667 69.5 -20
4 14 66.6667 69.5 -20 66.6667 69.5 20 66.6667 71 20 66.6667 71 -20
4 14 66.6667 71 -20 66.6667 71 20 26.6667 71 20 26.6667 71 -20
4 14 26.6667 71 -20 26.6667 71 20 26.6667 69.5 20 26.6667 69.5 -20
2 24 26.6667 69.5 -20 66.6667 69.5 -20
2 24 66.6667 69.5 -20 66.6667 71 -20
2 24 66.6667 71 -20 26.6667 71 -20
2 24 26.6667 71 -20 26.6667 69.5 -20
2 24 26.6667 69.5 20 66.6667 69.5 20
2 24 66.6667 69.5 20 66.6667 71 20
2 24 66.6667 71 20 26.6667 71 20
2 24 26.6667 71 20 26.6667 69.5 20
2 24 26.6667 69.5 -20 26.6667 69.5 20
2 24 66.6667 69.5 -20 66.6667 69.5 20
2 24 66.6667 71 -20 66.6667 71 20
2 24 26.6667 71 -20 26.6667 71 20
4 14 26.6667 69.5 26.6667 66.6667 69.5 26.6667 66.6667 71 26.6667 26.6667 71 26.6667
4 14 26.6667 71 66.6667 66.6667 71 66.6667 66.6667 69.5 66.6667 26.6667 69.5 66.6667
4 14 26.6667 69.5 26.6667 26.6667 69.5 66.6667 66.6667 69.5 66.6667 66.6667 69.5 26.6667
4 14 66.6667 69.5 26.6667 66.6667 69.5 66.6667 66.6667 71 66.6667 66.6667 71 26.6667
4 14 66.6667 71 26.6667 66.6667 71 66.6667 26.6667 71 66.6667 26.6667 71 26.6667
4 14 26.6667 71 26.6667 26.6667 71 66.6667 26.6667 69.5 66.6667 26.6667 69.5 26.6667
2 24 26.6667 69.5 26.6667 66.6667 69.5 26.6667
2 24 66.6667 69.5 26.6667 66.6667 71 26.6667
2 24 66.6667 71 26.6667 26.6667 71 26.6667
2 24 26.6667 71 26.6667 26.6667 69.5 26.6667
2 24 26.6667 69.5 66.6667 66.6667 69.5 66.6667
2 24 66.6667 69.5 66.6667 66.6667 71 66.6667
2 24 66.6667 71 66.6667 26.6667 71 66.6667
2 24 26.6667 71 66.6667 26.6667 69.5 66.6667
2 24 26.6667 69.5 26.6667 26.6667 69.5 66.6667
2 24 66.6667 69.5 26.6667 66.6667 69.5 66.6667
2 24 66.6667 71 26.6667 66.6667 71 66.6667
2 24 26.6667 71 26.6667 26.6667 71 66.6667
4 2 -66.6667 -66.6667 69.5 -26.6667 -66.6667 69.5 -26.6667 -26.6667 69.5 -66.6667 -26.6667 69.5
4 2 -66.6667 -26.6667 71 -26.6667 -26.6667 71 -26.6667 -66.6667 71 -66.6667 -66.6667 71
4 2 -66.6667 -66.6667 69.5 -66.6667 -66.6667 71 -26.6667 -66.6667 71 -26.6667 -66.6667 69.5
4 2 -26.6667 -66.6667 69.5 -26.6667 -66.6667 71 -26.6667 -26.6667 71 -26.6667 -26.6667 69.5
4 2 -26.6667 -26.6667 69.5 -26.6667 -26.6667 71 -66.6667 -26.6667 71 -66.6667 -26.6667 69.5
4 2 -66.6667 -26.6667 69.5 -66.6667 -26.6667 71 -66.6667 -66.6667 71 -66.6667 -66.6667 69.5
2 24 -66.6667 -66.6667 69.5 -26.6667 -66.6667 69.5
2 24 -26.6667 -66.6667 69.5 -26.6667 -26.6667 69.5
2 24 -26.6667 -26.6667 69.5 -66.6667 -26.6667 69.5
2 24 -66.6667 -26.6667 69.5 -66.6667 -66.6667 69.5
2 24 -66.6667 -66.6667 71 -26.6667 -66.6667 71
2 24 -26.6667 -66.6667 71 -26.6667 -26.6667 71
2 24 -26.6667 -26.6667 71 -66.6667 -26.6667 71
2 24 -66.6667 -26.6667 71 -66.6667 -66.6667 71
2 24 -66.6667 -66.6667 69.5 -66.6667 -66.6667 71
2 24 -26.6667 -66.6667 69.5 -26.6667 -66.6667 71
2 24 -26.6667 -26.6667 69.5 -26.6667 -26.6667 71
2 24 -66.6667 -26.6667 69.5 -66.6667 -26.6667 71
4 2 -66.6667 -20 69.5 -26.6667 -20 69.5 -26.6667 20 69.5 -66.6667 20 69.5
4 2 -66.6667 20 71 -26.6667 20 71 -26.6667 -20 71 -66.6667 -20 71
4 2 -66.6667 -20 69.5 -66.6667 -20 71 -26.6667 -20 71 -26.6667 -20 69.5
4 2 -26.6667 -20 69.5 -26.6667 -20 71 -26.6667 20 71 -26.6667 20 69.5
4 2 -26.6667 20 69.5 -26.6667 20 71 -66.6667 20 71 -66.6667 20 69.5
4 2 -66.6667 20 69.5 -66.6667 20 71 -66.6667 -20 71 -66.6667 -20 69.5
2 24 -66.6667 -20 69.5 -26.6667 -20 69.5
2 24 -26.6667 -20 69.5 -26.6667 20 69.5
2 24 -26.6667 20 69.5 -66.6667 20 69.5
2 24 -66.6667 20 69.5 -66.6667 -20 69.5
2 24 -66.6667 -20 71 -26.6667 -20 71
2 24 -26.6667 -20 71 -26.6667 20 71
2 24 -26.6667 20 71 -66.6667 20 71
2 24 -66.6667 20 71 -66.6667 -20 71
2 24 -66.6667 -20 69.5 -66.6667 -20 71
2 24 -26.6667 -20 69.5 -26.6667 -20 71
2 24 -26.6667 20 69.5 -26.6667 20 71
2 24 -66.6667 20 69.5 -66.6667 20 71
4 2 -66.6667 26.6667 69.5 -26.6667 26.6667 69.5 -26.6667 66.6667 69.5 -66.6667 66.6667 69.5
4 2 -66.6667 66.6667 71 -26.6667 66.6667 71 -26.6667 26.6667 71 -66.6667 26.6667 71
4 2 -66.6667 26.6667 69.5 -66.6667 26.6667 71 -26.6667 26.6667 71 -26.6667 26.6667 69.5
4 2 -26.6667 26.6667 69.5 -26.6667 26.6667 71 -26.6667 66.6667 71 -26.6667 66.6667 69.5
4 2 -26.6667 66.6667 69.5 -26.6667 66.6667 71 -66.6667 66.6667 71 -66.6667 66.6667 69.5
4 2 -66.6667 66.6667 69.5 -66.6667 66.6667 71 -66.6667 26.6667 71 -66.6667 26.6667 69.5
2 24 -66.6667 26.6667 69.5 -26.6667 26.6667 69.5
2 24 -26.6667 26.6667 69.5 -26.6667 66.6667 69.5
2 24 -26.6667 66.6667 69.5 -66.6667 66.6667 69.5
2 24 -66.6667 66.6667 69.5 -66.6667 26.6667 69.5
2 24 -66.6667 26.6667 71 -26.6667 26.6667 71
2 24 -26.6667 26.6667 71 -26.6667 66.6667 71
2 24 -26.6667 66.6667 71 -66.6667 66.6667 71
2 24 -66.6667 66.6667 71 -66.6667 26.6667 71
2 24 -66.6667 26.6667 69.5 -66.6667 26.6667 71
2 24 -26.6667 26.6667 69.5 -26.6667 26.6667 71
2 24 -26.6667 66.6667 69.5 -26.6667 66.6667 71
2 24 -66.6667 66.6667 69.5 -66.6667 66.6667 71
4 2 -20 -66.6667 69.5 20 -66.6667 69.5 20 -26.6667 69.5 -20 -26.6667 69.5
4 2 -20 -26.6667 71 20 -26.6667 71 20 -66.6667 71 -20 -66.6667 71
4 2 -20 -66.6667 69.5 -20 -66.6667 71 20 -66.6667 71 20 -66.6667 69.5
4 2 20 -66.6667 69.5 20 -66.6667 71 20 -26.6667 71 20 -26.6667 69.5
4 2 20 -26.6667 69.5 20 -26.6667 71 -20 -26.6667 71 -20 -26.6667 69.5
4 2 -20 -26.6667 69.5 -20 -26.6667 71 -20 -66.6667 71 -20 -66.6667 69.5
2 24 -20 -66.6667 69.5 20 -66.6667 69.5
2 24 20 -66.6667 69.5 20 -26.6667 69.5
2 24 20 -26.6667 69.5 -20 -26.6667 69.5
2 24 -20 -26.6667 69.5 -20 -66.6667 69.5
2 24 -20 -66.6667 71 20 -66.6667 71
2 24 20 -66.6667 71 20 -26.6667 71
2 24 20 -26.6667 71 -20 -26.6667 71
2 24 -20 -26.6667 71 -20 -66.6667 71
2 24 -20 -66.6667 69.5 -20 -66.6667 71
2 24 20 -66.6667 69.5 20 -66.6667 71
2 24 20 -26.6667 69.5 20 -26.6667 71
2 24 -20 -26.6667 69.5 -20 -26.6667 71
4 2 -20 -20 69.5 20 -20 69.5 20 20 69.5 -20 20 69.5
4 2 -20 20 71 20 20 71 20 -20 71 -20 -20 71
4 2 -20 -20 69.5 -20 -20 71 20 -20 71 20 -20 69.5
4 2 20 -20 69.5 20 -20 71 20 20 71 20 20 69.5
4 2 20 20 69.5 20 20 71 -20 20 71 -20 20 69.5
4 2 -20 20 69.5 -20 20 71 -20 -20 71 -20 -20 69.5
2 24 -20 -20 69.5 20 -20 69.5
2 24 20 -20 69.5 20 20 69.5
2 24 20 20 69.5 -20 20 69.5
2 24 -20 20 69.5 -20 -20 69.5
2 24 -20 -20 71 20 -20 71
2 24 20 -20 71 20 20 71
2 24 20 20 71 -20 20 71
2 24 -20 20 71 -20 -20 71
2 24 -20 -20 69.5 -20 -20 71
2 24 20 -20 69.5 20 -20 71
2 24 20 20 69.5 20 20 71
2 24 -20 20 69.5 -20 20 71
4 2 -20 26.6667 69.5 20 26.6667 69.5 20 66.6667 69.5 -20 66.6667 69.5
4 2 -20 66.6667 71 20 66.6667 71 20 26.6667 71 -20 26.6667 71
4 2 -20 26.6667 69.5 -20 26.6667 71 20 26.6667 71 20 26.6667 69.5
4 2 20 26.6667 69.5 20 26.6667 71 20 66.6667 71 20 66.6667 69.5
4 2 20 66.6667 69.5 20 66.6667 71 -20 66.6667 71 -20 66.6667 69.5
4 2 -20 66.6667 69.5 -20 66.6667 71 -20 26.6667 71 -20 26.6667 69.5
2 24 -20 26.6667 69.5 20 26.6667 69.5
2 24 20 26.6667 69.5 20 66.6667 69.5
2 24 20 66.6667 69.5 -20 66.6667 69.5
2 24 -20 66.6667 69.5 -20 26.6667 69.5
2 24 -20 26.6667 71 20 26.6667 71
2 24 20 26.6667 71 20 66.6667 71
2 24 20 66.6667 71 -20 66.6667 71
2 24 -20 66.6667 71 -20 26.6667 71
2 24 -20 26.6667 69.5 -20 26.6667 71
2 24 20 26.6667 69.5 20 26.6667 71
2 24 20 66.6667 69.5 20 66.6667 71
2 24 -20 66.6667 69.5 -20 66.6667 71
4 2 26.6667 -66.6667 69.5 66.6667 -66.6667 69.5 66.6667 -26.6667 69.5 26.6667 -26.6667 69.5
4 2 26.6667 -26.6667 71 66.6667 -26.6667 71 66.6667 -66.6667 71 26.6667 -66.6667 71
4 2 26.6667 -66.6667 69.5 26.6667 -66.6667 71 66.6667 -66.6667 71 66.6667 -66.6667 69.5
4 2 66.6667 -66.6667 69.5 66.6667 -66.6667 71 66.6667 -26.6667 71 66.6667 -26.6667 69.5
4 2 66.6667 -26.6667 69.5 66.6667 -26.6667 71 26.6667 -26.6667 71 26.6667 -26.6667 69.5
4 2 26.6667 -26.6667 69.5 26.6667 -26.6667 71 26.6667 -66.6667 71 26.6667 -66.6667 69.5
2 24 26.6667 -66.6667 69.5 66.6667 -66.6667 69.5
2 24 66.6667 -66.6667 69.5 66.6667 -26.6667 69.5
2 24 66.6667 -26.6667 69.5 26.6667 -26.6667 69.5
2 24 26.6667 -26.6667 69.5 26.6667 -66.6667 69.5
2 24 26.6667 -66.6667 71 66.6667 -66.6667 71
2 24 66.6667 -66.6667 71 66.6667 -26.6667 71
2 24 66.6667 -26.6667 71 26.6667 -26.6667 71
2 24 26.6667 -26.6667 71 26.6667 -66.6667 71
2 24 26.6667 -66.6667 69.5 26.6667 -66.6667 71
2 24 66.6667 -66.6667 69.5 66.6667 -66.6667 71
2 24 66.6667 -26.6667 69.5 66.6667 -26.6667 71
2 24 26.6667 -26.6667 69.5 26.6667 -26.6667 71
4 2 26.6667 -20 69.5 66.6667 -20 69.5 66.6667 20 69.5 26.6667 20 69.5
4 2 26.6667 20 71 66.6667 20 71 66.6667 -20 71 26.6667 -20 71
4 2 26.6667 -20 69.5 26.6667 -20 71 66.6667 -20 71 66.6667 -20 69.5
4 2 66.6667 -20 69.5 66.6667 -20 71 66.6667 20 71 66.6667 20 69.5
4 2 66.6667 20 69.5 66.6667 20 71 26.6667 20 71 26.6667 20 69.5
4 2 26.6667 20 69.5 26.6667 20 71 26.6667 -20 71 26.6667 -20 69.5
2 24 26.6667 -20 69.5 66.6667 -20 69.5
2 24 66.6667 -20 69.5 66.6667 20 69.5
2 24 66.6667 20 69.5 26.6667 20 69.5
2 24 26.6667 20 69.5 26.6667 -20 69.5
2 24 26.6667 -20 71 66.6667 -20 71
2 24 66.6667 -20 71 66.6667 20 71
2 24 66.6667 20 71 26.6667 20 71
2 24 26.6667 20 71 26.6667 -20 71
2 24 26.6667 -20 69.5 26.6667 -20 71
2 24 66.6667 -20 69.5 66.6667 -20 71
2 24 66.6667 20 69.5 66.6667 20 71
2 24 26.6667 20 69.5 26.6667 20 71
4 2 26.6667 26.6667 69.5 66.6667 26.6667 69.5 66.6667 66.6667 69.5 26.6667 66.6667 69.5
4 2 26.6667 66.6667 71 66.6667 66.6667 71 66.6667 26.6667 71 26.6667 26.6667 71
4 2 26.6667 26.6667 69.5 26.6667 26.6667 71 66.6667 26.6667 71 66.6667 26.6667 69.5
4 2 66.6667 26.6667 69.5 66.6667 26.6667 71 66.6667 66.6667 71 66.6667 66.6667 69.5
4 2 66.6667 66.6667 69.5 66.6667 66.6667 71 26.6667 66.6667 71 26.6667 66.6667 69.5
4 2 26.6667 66.6667 69.5 26.6667 66.6667 71 26.6667 26.6667 71 26.6667 26.6667 69.5
2 24 26.6667 26.6667 69.5 66.6667 26.6667 69.5
2 24 66.6667 26.6667 69.5 66.6667 66.6667 69.5
2 24 66.6667 66.6667 69.5 26.6667 66.6667 69.5
2 24 26.6667 66.6667 69.5 26.6667 26.6667 69.5
2 24 26.6667 26.6667 71 66.6667 26.6667 71
2 24 66.6667 26.6667 71 66.6667 66.6667 71
2 24 66.6667 66.6667 71 26.6667 66.6667 71
2 24 26.6667 66.6667 71 26.6667 26.6667 71
2 24 26.6667 26.6667 69.5 26.6667 26.6667 71
2 24 66.6667 26.6667 69.5 66.6667 26.6667 71
2 24 66.6667 66.6667 69.5 66.6667 66.6667 71
2 24 26.6667 66.6667 69.5 26.6667 66.6667 71
4 1 -66.6667 -66.6667 -71 -26.6667 -66.6667 -71 -26.6667 -26.6667 -71 -66.6667 -26.6667 -71
4 1 -66.6667 -26.6667 -69.5 -26.6667 -26.6667 -69.5 -26.6667 -66.6667 -69.5 -66.6667 -66.6667 -69.5
4 1 -66.6667 -66.6667 -71 -66.6667 -66.6667 -69.5 -26.6667 -66.6667 -69.5 -26.6667 -66.6667 -71
4 1 -26.6667 -66.6667 -71 -26.6667 -66.6667 -69.5 -26.6667 -26.6667 -69.5 -26.6667 -26.6667 -71
4 1 -26.6667 -26.6667 -71 -26.6667 -26.6667 -69.5 -66.6667 -26.6667 -69.5 -66.6667 -26.6667 -71
4 1 -66.6667 -26.6667 -71 -66.6667 -26.6667 -69.5 -66.6667 -66.6667 -69.5 -66.6667 -66.6667 -71
2 24 -66.6667 -66.6667 -71 -26.6667 -66.6667 -71
2 24 -26.6667 -66.6667 -71 -26.6667 -26.6667 -71
2 24 -26.6667 -26.6667 -71 -66.6667 -26.6667 -71
2 24 -66.6667 -26.6667 -71 -66.6667 -66.6667 -71
2 24 -66.6667 -66.6667 -69.5 -26.6667 -66.6667 -69.5
2 24 -26.6667 -66.6667 -69.5 -26.6667 -26.6667 -69.5
2 24 -26.6667 -26.6667 -69.5 -66.6667 -26.6667 -69.5
2 24 -66.6667 -26.6667 -69.5 -66.6667 -66.6667 -69.5
2 24 -66.6667 -66.6667 -71 -66.6667 -66.6667 -69.5
2 24 -26.6667 -66.6667 -71 -26.6667 -66.6667 -69.5
2 24 -26.6667 -26.6667 -71 -26.6667 -26.6667 -69.5
2 24 -66.6667 -26.6667 -71 -66.6667 -26.6667 -69.5
4 1 -66.6667 -20 -71 -26.6667 -20 -71 -26.6667 20 -71 -66.6667 20 -71
4 1 -66.6667 20 -69.5 -26.6667 20 -69.5 -26.6667 -20 -69.5 -66.6667 -20 -69.5
4 1 -66.6667 -20 -71 -66.6667 -20 -69.5 -26.6667 -20 -69.5 -26.6667 -20 -71
4 1 -26.6667 -20 -71 -26.6667 -20 -69.5 -26.6667 20 -69.5 -26.6667 20 -71
4 1 -26.6667 20 -71 -26.6667 20 -69.5 -66.6667 20 -69.5 -66.6667 20 -71
4 1 -66.6667 20 -71 -66.6667 20 -69.5 -66.6667 -20 -69.5 -66.6667 -20 -71
2 24 -66.6667 -20 -71 -26.6667 -20 -71
2 24 -26.6667 -20 -71 -26.6667 20 -71
2 24 -26.6667 20 -71 -66.6667 20 -71
2 24 -66.6667 20 -71 -66.6667 -20 -71
2 24 -66.6667 -20 -69.5 -26.6667 -20 -69.5
2 24 -26.6667 -20 -69.5 -26.6667 20 -69.5
2 24 -26.6667 20 -69.5 -66.6667 20 -69.5
2 24 -66.6667 20 -69.5 -66.6667 -20 -69.5
2 24 -66.6667 -20 -71 -66.6667 -20 -69.5
2 24 -26.6667 -20 -71 -26.6667 -20 -69.5
2 24 -26.6667 20 -71 -26.6667 20 -69.5
2 24 -66.6667 20 -71 -66.6667 20 -69.5
4 1 -66.6667 26.6667 -71 -26.6667 26.6667 -71 -26.6667 66.6667 -71 -66.6667 66.6667 -71
4 1 -66.6667 66.6667 -69.5 -26.6667 66.6667 -69.5 -26.6667 26.6667 -69.5 -66.6667 26.6667 -69.5
4 1 -66.6667 26.6667 -71 -66.6667 26.6667 -69.5 -26.6667 26.6667 -69.5 -26.6667 26.6667 -71
4 1 -26.6667 26.6667 -71 -26.6667 26.6667 -69.5 -26.6667 66.6667 -69.5 -26.6667 66.6667 -71
4 1 -26.6667 66.6667 -71 -26.6667 66.6667 -69.5 -66.6667 66.6667 -69.5 -66.6667 66.6667 -71
4 1 -66.6667 66.6667 -71 -66.6667 66.6667 -69.5 -66.6667 26.6667 -69.5 -66.6667 26.6667 -71
2 24 -66.6667 26.6667 -71 -26.6667 26.6667 -71
2 24 -26.6667 26.6667 -71 -26.6667 66.6667 -71
2 24 -26.6667 66.6667 -71 -66.6667 66.6667 -71
2 24 -66.6667 66.6667 -71 -66.6667 26.6667 -71
2 24 -66.6667 26.6667 -69.5 -26.6667 26.6667 -69.5
2 24 -26.6667 26.6667 -69.5 -26.6667 66.6667 -69.5
2 24 -26.6667 66.6667 -69.5 -66.6667 66.6667 -69.5
2 24 -66.6667 66.6667 -69.5 -66.6667 26.6667 -69.5
2 24 -66.6667 26.6667 -71 -66.6667 26.6667 -69.5
2 24 -26.6667 26.6667 -71 -26.6667 26.6667 -69.5
2 24 -26.6667 66.6667 -71 -26.6667 66.6667 -69.5
2 24 -66.6667 66.6667 -71 -66.6667 66.6667 -69.5
4 1 -20 -66.6667 -71 20 -66.6667 -71 20 -26.6667 -71 -20 -26.6667 -71
4 1 -20 -26.6667 -69.5 20 -26.6667 -69.5 20 -66.6667 -69.5 -20 -66.6667 -69.5
4 1 -20 -66.6667 -71 -20 -66.6667 -69.5 20 -66.6667 -69.5 20 -66.6667 -71
4 1 20 -66.6667 -71 20 -66.6667 -69.5 20 -26.6667 -69.5 20 -26.6667 -71
4 1 20 -26.6667 -71 20 -26.6667 -69.5 -20 -26.6667 -69.5 -20 -26.6667 -71
4 1 -20 -26.6667 -71 -20 -26.6667 -69.5 -20 -66.6667 -69.5 -20 -66.6667 -71
2 24 -20 -66.6667 -71 20 -66.6667 -71
2 24 20 -66.6667 -71 20 -26.6667 -71
2 24 20 -26.6667 -71 -20 -26.6667 -71
2 24 -20 -26.6667 -71 -20 -66.6667 -71
2 24 -20 -66.6667 -69.5 20 -66.6667 -69.5
2 24 20 -66.6667 -69.5 20 -26.6667 -69.5
2 24 20 -26.6667 -69.5 -20 -26.6667 -69.5
2 24 -20 -26.6667 -69.5 -20 -66.6667 -69.5
2 24 -20 -66.6667 -71 -20 -66.6667 -69.5
2 24 20 -66.6667 -71 20 -66.6667 -69.5
2 24 20 -26.6667 -71 20 -26.6667 -69.5
2 24 -20 -26.6667 -71 -20 -26.6667 -69.5
4 1 -20 -20 -71 20 -20 -71 20 20 -71 -20 20 -71
4 1 -20 20 -69.5 20 20 -69.5 20 -20 -69.5 -20 -20 -69.5
4 1 -20 -20 -71 -20 -20 -69.5 20 -20 -69.5 20 -20 -71
4 1 20 -20 -71 20 -20 -69.5 20 20 -69.5 20 20 -71
4 1 20 20 -71 20 20 -69.5 -20 20 -69.5 -20 20 -71
4 1 -20 20 -71 -20 20 -69.5 -20 -20 -69.5 -20 -20 -71
2 24 -20 -20 -71 20 -20 -71
2 24 20 -20 -71 20 20 -71
2 24 20 20 -71 -20 20 -71
2 24 -20 20 -71 -20 -20 -71
2 24 -20 -20 -69.5 20 -20 -69.5
2 24 20 -20 -69.5 20 20 -69.5
2 24 20 20 -69.5 -20 20 -69.5
2 24 -20 20 -69.5 -20 -20 -69.5
2 24 -20 -20 -71 -20 -20 -69.5
2 24 20 -20 -71 20 -20 -69.5
2 24 20 20 -71 20 20 -69.5
2 24 -20 20 -71 -20 20 -69.5
4 1 -20 26.6667 -71 20 26.6667 -71 20 66.6667 -71 -20 66.6667 -71
4 1 -20 66.6667 -69.5 20 66.6667 -69.5 20 26.6667 -69.5 -20 26.6667 -69.5
4 1 -20 26.6667 -71 -20 26.6667 -69.5 20 26.6667 -69.5 20 26.6667 -71
4 1 20 26.6667 -71 20 26.6667 -69.5 20 66.6667 -69.5 20 66.6667 -71
4 1 20 66.6667 -71 20 66.6667 -69.5 -20 66.6667 -69.5 -20 66.6667 -71
4 1 -20 66.6667 -71 -20 66.6667 -69.5 -20 26.6667 -69.5 -20 26.6667 -71
2 24 -20 26.6667 -71 20 26.6667 -71
2 24 20 26.6667 -71 20 66.6667 -71
2 24 20 66.6667 -71 -20 66.6667 -71
2 24 -20 66.6667 -71 -20 26.6667 -71
2 24 -20 26.6667 -69.5 20 26.6667 -69.5
2 24 20 26.6667 -69.5 20 66.6667 -69.5
2 24 20 66.6667 -69.5 -20 66.6667 -69.5
2 24 -20 66.6667 -69.5 -20 26.6667 -69.5
2 24 -20 26.6667 -71 -20 26.6667 -69.5
2 24 20 26.6667 -71 20 26.6667 -69.5
2 24 20 66.6667 -71 20 66.6667 -69.5
2 24 -20 66.6667 -71 -20 66.6667 -69.5
4 1 26.6667 -66.6667 -71 66.6667 -66.6667 -71 66.6667 -26.6667 -71 26.6667 -26.6667 -71
4 1 26.6667 -26.6667 -69.5 66.6667 -26.6667 -69.5 66.6667 -66.6667 -69.5 26.6667 -66.6667 -69.5
4 1 26.6667 -66.6667 -71 26.6667 -66.6667 -69.5 66.6667 -66.6667 -69.5 66.6667 -66.6667 -71
4 1 66.6667 -66.6667 -71 66.6667 -66.6667 -69.5 66.6667 -26.6667 -69.5 66.6667 -26.6667 -71
4 1 66.6667 -26.6667 -71 66.6667 -26.6667 -69.5 26.6667 -26.6667 -69.5 26.6667 -26.6667 -71
4 1 26.6667 -26.6667 -71 26.6667 -26.6667 -69.5 26.6667 -66.6667 -69.5 26.6667 -66.6667 -71
2 24 26.6667 -66.6667 -71 66.6667 -66.6667 -71
2 24 66.6667 -66.6667 -71 66.6667 -26.6667 -71
2 24 66.6667 -26.6667 -71 26.6667 -26.6667 -71
2 24 26.6667 -26.6667 -71 26.6667 -66.6667 -71
2 24 26.6667 -66.6667 -69.5 66.6667 -66.6667 -69.5
2 24 66.6667 -66.6667 -69.5 66.6667 -26.6667 -69.5
2 24 66.6667 -26.6667 -69.5 26.6667 -26.6667 -69.5
2 24 26.6667 -26.6667 -69.5 26.6667 -66.6667 -69.5
2 24 26.6667 -66.6667 -71 26.6667 -66.6667 -69.5
2 24 66.6667 -66.6667 -71 66.6667 -66.6667 -69.5
2 24 66.6667 -26.6667 -71 66.6667 -26.6667 -69.5
2 24 26.6667 -26.6667 -71 26.6667 -26.6667 -69.5
4 1 26.6667 -20 -71 66.6667 -20 -71 66.6667 20 -71 26.6667 20 -71
4 1 26.6667 20 -69.5 66.6667 20 -69.5 66.6667 -20 -69.5 26.6667 -20 -69.5
4 1 26.6667 -20 -71 26.6667 -20 -69.5 66.6667 -20 -69.5 66.6667 -20 -71
4 1 66.6667 -20 -71 66.6667 -20 -69.5 66.6667 20 -69.5 66.6667 20 -71
4 1 66.6667 20 -71 66.6667 20 -69.5 26.6667 20 -69.5 26.6667 20 -71
4 1 26.6667 20 -71 26.6667 20 -69.5 26.6667 -20 -69.5 26.6667 -20 -71
2 24 26.6667 -20 -71 66.6667 -20 -71
2 24 66.6667 -20 -71 66.6667 20 -71
2 24 66.6667 20 -71 26.6667 20 -71
2 24 26.6667 20 -71 26.6667 -20 -71
2 24 26.6667 -20 -69.5 66.6667 -20 -69.5
2 24 66.6667 -20 -69.5 66.6667 20 -69.5
2 24 66.6667 20 -69.5 26.6667 20 -69.5
2 24 26.6667 20 -69.5 26.6667 -20 -69.5
2 24 26.6667 -20 -71 26.6667 -20 -69.5
2 24 66.6667 -20 -71 66.6667 -20 -69.5
2 24 66.6667 20 -71 66.6667 20 -69.5
2 24 26.6667 20 -71 26.6667 20 -69.5
4 1 26.6667 26.6667 -71 66.6667 26.6667 -71 66.6667 66.6667 -71 26.6667 66.6667 -71
4 1 26.6667 66.6667 -69.5 66.6667 66.6667 -69.5 66.6667 26.6667 -69.5 26.6667 26.6667 -69.5
4 1 26.6667 26.6667 -71 26.6667 26.6667 -69.5 66.6667 26.6667 -69.5 66.6667 26.6667 -71
4 1 66.6667 26.6667 -71 66.6667 26.6667 -69.5 66.6667 66.6667 -69.5 66.6667 66.6667 -71
4 1 66.6667 66.6667 -71 66.6667 66.6667 -69.5 26.6667 66.6667 -69.5 26.6667 66.6667 -71
4 1 26.6667 66.6667 -71 26.6667 66.6667 -69.5 26.6667 26.6667 -69.5 26.6667 26.6667 -71
2 24 26.6667 26.6667 -71 66.6667 26.6667 -71
2 24 66.6667 26.6667 -71 66.6667 66.6667 -71
2 24 66.6667 66.6667 -71 26.6667 66.6667 -71
2 24 26.6667 66.6667 -71 26.6667 26.6667 -71
2 24 26.6667 26.6667 -69.5 66.6667 26.6667 -69.5
2 24 66.6667 26.6667 -69.5 66.6667 66.6667 -69.5
2 24 66.6667 66.6667 -69.5 26.6667 66.6667 -69.5
2 24 26.6667 66.6667 -69.5 26.6667 26.6667 -69.5
2 24 26.6667 26.6667 -71 26.6667 26.6667 -69.5
2 24 66.6667 26.6667 -71 66.6667 26.6667 -69.5
2 24 66.6667 66.6667 -71 66.6667 66.6667 -69.5
2 24 26.6667 66.6667 -71 26.6667 66.6667 -69.5
4 4 69.5 -66.6667 -66.6667 71 -66.6667 -66.6667 71 -26.6667 -66.6667 69.5 -26.6667 -66.6667
4 4 69.5 -26.6667 -26.6667 71 -26.6667 -26.6667 71 -66.6667 -26.6667 69.5 -66.6667 -26.6667
4 4 69.5 -66.6667 -66.6667 69.5 -66.6667 -26.6667 71 -66.6667 -26.6667 71 -66.6667 -66.6667
4 4 71 -66.6667 -66.6667 71 -66.6667 -26.6667 71 -26.6667 -26.6667 71 -26.6667 -66.6667
4 4 71 -26.6667 -66.6667 71 -26.6667 -26.6667 69.5 -26.6667 -26.6667 69.5 -26.6667 -66.6667
4 4 69.5 -26.6667 -66.6667 69.5 -26.6667 -26.6667 69.5 -66.6667 -26.6667 69.5 -66.6667 -66.6667
2 24 69.5 -66.6667 -66.6667 71 -66.6667 -66.6667
2 24 71 -66.6667 -66.6667 71 -26.6667 -66.6667
2 24 71 -26.6667 -66.6667 69.5 -26.6667 -66.6667
2 24 69.5 -26.6667 -66.6667 69.5 -66.6667 -66.6667
2 24 69.5 -66.6667 -26.6667 71 -66.6667 -26.6667
2 24 71 -66.6667 -26.6667 71 -26.6667 -26.6667
2 24 71 -26.6667 -26.6667 69.5 -26.6667 -26.6667
2 24 69.5 -26.6667 -26.6667 69.5 -66.6667 -26.6667
2 24 69.5 -66.6667 -66.6667 69.5 -66.6667 -26.6667
2 24 71 -66.6667 -66.6667 71 -66.6667 -26.6667
2 24 71 -26.6667 -66.6667 71 -26.6667 -26.6667
2 24 69.5 -26.6667 -66.6667 69.5 -26.6667 -26.6667
4 4 69.5 -66.6667 -20 71 -66.6667 -20 71 -26.6667 -20 69.5 -26.6667 -20
4 4 69.5 -26.6667 20 71 -26.6667 20 71 -66.6667 20 69.5 -66.6667 20
4 4 69.5 -66.6667 -20 69.5 -66.6667 20 71 -66.6667 20 71 -66.6667 -20
4 4 71 -66.6667 -20 71 -66.6667 20 71 -26.6667 20 71 -26.6667 -20
4 4 71 -26.6667 -20 71 -26.6667 20 69.5 -26.6667 20 69.5 -26.6667 -20
4 4 69.5 -26.6667 -20 69.5 -26.6667 20 69.5 -66.6667 20 69.5 -66.6667 -20
2 24 69.5 -66.6667 -20 71 -66.6667 -20
2 24 71 -66.6667 -20 71 -26.6667 -20
2 24 71 -26.6667 -20 69.5 -26.6667 -20
2 24 69.5 -26.6667 -20 69.5 -66.6667 -20
2 24 69.5 -66.6667 20 71 -66.6667 20
2 24 71 -66.6667 20 71 -26.6667 20
2 24 71 -26.6667 20 69.5 -26.6667 20
2 24 69.5 -26.6667 20 69.5 -66.6667 20
2 24 69.5 -66.6667 -20 69.5 -66.6667 20
2 24 71 -66.6667 -20 71 -66.6667 20
2 24 71 -26.6667 -20 71 -26.6667 20
2 24 69.5 -26.6667 -20 69.5 -26.6667 20
4 4 69.5 -66.6667 26.6667 71 -66.6667 26.6667 71 -26.6667 26.6667 69.5 -26.6667 26.6667
4 4 69.5 -26.6667 66.6667 71 -26.6667 66.6667 71 -66.6667 66.6667 69.5 -66.6667 66.6667
4 4 69.5 -66.6667 26.6667 69.5 -66.6667 66.6667 71 -66.6667 66.6667 71 -66.6667 26.6667
4 4 71 -66.6667 26.6667 71 -66.6667 66.6667 71 -26.6667 66.6667 71 -26.6667 26.6667
4 4 71 -26.6667 26.6667 71 -26.6667 66.6667 69.5 -26.6667 66.6667 69.5 -26.6667 26.6667
4 4 69.5 -26.6667 26.6667 69.5 -26.6667 66.6667 69.5 -66.6667 66.6667 69.5 -66.6667 26.6667
2 24 69.5 -66.6667 26.6667 71 -66.6667 26.6667
2 24 71 -66.6667 26.6667 71 -26.6667 26.6667
2 24 71 -26.6667 26.6667 69.5 -26.6667 26.6667
2 24 69.5 -26.6667 26.6667 69.5 -66.6667 26.6667
2 24 69.5 -66.6667 66.6667 71 -66.6667 66.6667
2 24 71 -66.6667 66.6667 71 -26.6667 66.6667
2 24 71 -26.6667 66.6667 69.5 -26.6667 66.6667
2 24 69.5 -26.6667 66.6667 69.5 -66.6667 66.6667
2 24 69.5 -66.6667 26.6667 69.5 -66.6667 66.6667
2 24 71 -66.6667 26.6667 71 -66.6667 66.6667
2 24 71 -26.6667 26.6667 71 -26.6667 66.6667
2 24 69.5 -26.6667 26.6667 69.5 -26.6667 66.6667
4 4 69.5 -20 -66.6667 71 -20 -66.6667 71 20 -66.6667 69.5 20 -66.6667
4 4 69.5 20 -26.6667 71 20 -26.6667 71 -20 -26.6667 69.5 -20 -26.6667
4 4 69.5 -20 -66.6667 69.5 -20 -26.6667 71 -20 -26.6667 71 -20 -66.6667
4 4 71 -20 -66.6667 71 -20 -26.6667 71 20 -26.6667 71 20 -66.6667
4 4 71 20 -66.6667 71 20 -26.6667 69.5 20 -26.6667 69.5 20 -66.6667
4 4 69.5 20 -66.6667 69.5 20 -26.6667 69.5 -20 -26.6667 69.5 -20 -66.6667
2 24 69.5 -20 -66.6667 71 -20 -66.6667
2 24 71 -20 -66.6667 71 20 -66.6667
2 24 71 20 -66.6667 69.5 20 -66.6667
2 24 69.5 20 -66.6667 69.5 -20 -66.6667
2 24 69.5 -20 -26.6667 71 -20 -26.6667
2 24 71 -20 -26.6667 71 20 -26.6667
2 24 71 20 -26.6667 69.5 20 -26.6667
2 24 69.5 20 -26.6667 69.5 -20 -26.6667
2 24 69.5 -20 -66.6667 69.5 -20 -26.6667
2 24 71 -20 -66.6667 71 -20 -26.6667
2 24 71 20 -66.6667 71 20 -26.6667
2 24 69.5 20 -66.6667 69.5 20 -26.6667
4 4 69.5 -20 -20 71 -20 -20 71 20 -20 69.5 20 -20
4 4 69.5 20 20 71 20 20 71 -20 20 69.5 -20 20
4 4 69.5 -20 -20 69.5 -20 20 71 -20 20 71 -20 -20
4 4 71 -20 -20 71 -20 20 71 20 20 71 20 -20
4 4 71 20 -20 71 20 20 69.5 20 20 69.5 20 -20
4 4 69.5 20 -20 69.5 20 20 69.5 -20 20 69.5 -20 -20
2 24 69.5 -20 -20 71 -20 -20
2 24 71 -20 -20 71 20 -20
2 24 71 20 -20 69.5 20 -20
2 24 69.5 20 -20 69.5 -20 -20
2 24 69.5 -20 20 71 -20 20
2 24 71 -20 20 71 20 20
2 24 71 20 20 69.5 20 20
2 24 69.5 20 20 69.5 -20 20
2 24 69.5 -20 -20 69.5 -20 20
2 24 71 -20 -20 71 -20 20
2 24 71 20 -20 71 20 20
2 24 69.5 20 -20 69.5 20 20
4 4 69.5 -20 26.6667 71 -20 26.6667 71 20 26.6667 69.5 20 26.6667
4 4 69.5 20 66.6667 71 20 66.6667 71 -20 66.6667 69.5 -20 66.6667
4 4 69.5 -20 26.6667 69.5 -20 66.6667 71 -20 66.6667 71 -20 26.6667
4 4 71 -20 26.6667 71 -20 66.6667 71 20 66.6667 71 20 26.6667
4 4 71 20 26.6667 71 20 66.6667 69.5 20 66.6667 69.5 20 26.6667
4 4 69.5 20 26.6667 69.5 20 66.6667 69.5 -20 66.6667 69.5 -20 26.6667
2 24 69.5 -20 26.6667 71 -20 26.6667
2 24 71 -20 26.6667 71 20 26.6667
2 24 71 20 26.6667 69.5 20 26.6667
2 24 69.5 20 26.6667 69.5 -20 26.6667
2 24 69.5 -20 66.6667 71 -20 66.6667
2 24 71 -20 66.6667 71 20 66.6667
2 24 71 20 66.6667 69.5 20 66.6667
2 24 69.5 20 66.6667 69.5 -20 66.6667
2 24 69.5 -20 26.6667 69.5 -20 66.6667
2 24 71 -20 26.6667 71 -20 66.6667
2 24 71 20 26.6667 71 20 66.6667
2 24 69.5 20 26.6667 69.5 20 66.6667
4 4 69.5 26.6667 -66.6667 71 26.6667 -66.6667 71 66.6667 -66.6667 69.5 66.6667 -66.6667
4 4 69.5 66.6667 -26.6667 71 66.6667 -26.6667 71 26.6667 -26.6667 69.5 26.6667 -26.6667
4 4 69.5 26.6667 -66.6667 69.5 26.6667 -26.6667 71 26.6667 -26.6667 71 26.6667 -66.6667
4 4 71 26.6667 -66.6667 71 26.6667 -26.6667 71 66.6667 -26.6667 71 66.6667 -66.6667
4 4 71 66.6667 -66.6667 71 66.6667 -26.6667 69.5 66.6667 -26.6667 69.5 66.6667 -66.6667
4 4 69.5 66.6667 -66.6667 69.5 66.6667 -26.6667 69.5 26.6667 -26.6667 69.5 26.6667 -66.6667
2 24 69.5 26.6667 -66.6667 71 26.6667 -66.6667
2 24 71 26.6667 -66.6667 71 66.6667 -66.6667
2 24 71 66.6667 -66.6667 69.5 66.6667 -66.6667
2 24 69.5 66.6667 -66.6667 69.5 26.6667 -66.6667
2 24 69.5 26.6667 -26.6667 71 26.6667 -26.6667
2 24 71 26.6667 -26.6667 71 66.6667 -26.6667
2 24 71 66.6667 -26.6667 69.5 66.6667 -26.6667
2 24 69.5 66.6667 -26.6667 69.5 26.6667 -26.6667
2 24 69.5 26.6667 -66.6667 69.5 26.6667 -26.6667
2 24 71 26.6667 -66.6667 71 26.6667 -26.6667
2 24 71 66.6667 -66.6667 71 66.6667 -26.6667
2 24 69.5 66.6667 -66.6667 69.5 66.6667 -26.6667
4 4 69.5 26.6667 -20 71 26.6667 -20 71 66.6667 -20 69.5 66.6667 -20
4 4 69.5 66.6667 20 71 66.6667 20 71 26.6667 20 69.5 26.6667 20
4 4 69.5 26.6667 -20 69.5 26.6667 20 71 26.6667 20 71 26.6667 -20
4 4 71 26.6667 -20 71 26.6667 20 71 66.6667 20 71 66.6667 -20
4 4 71 66.6667 -20 71 66.6667 20 69.5 66.6667 20 69.5 66.6667 -20
4 4 69.5 66.6667 -20 69.5 66.6667 20 69.5 26.6667 20 69.5 26.6667 -20
2 24 69.5 26.6667 -20 71 26.6667 -20
2 24 71 26.6667 -20 71 66.6667 -20
2 24 71 66.6667 -20 69.5 66.6667 -20
2 24 69.5 66.6667 -20 69.5 26.6667 -20
2 24 69.5 26.6667 20 71 26.6667 20
2 24 71 26.6667 20 71 66.6667 20
2 24 71 66.6667 20 69.5 66.6667 20
2 24 69.5 66.6667 20 69.5 26.6667 20
2 24 69.5 26.6667 -20 69.5 26.6667 20
2 24 71 26.6667 -20 71 26.6667 20
2 24 71 66.6667 -20 71 66.6667 20
2 24 69.5 66.6667 -20 69.5 66.6667 20
4 4 69.5 26.6667 26.6667 71 26.6667 26.6667 71 66.6667 26.6667 69.5 66.6667 26.6667
4 4 69.5 66.6667 66.6667 71 66.6667 66.6667 71 26.6667 66.6667 69.5 26.6667 66.6667
4 4 69.5 26.6667 26.6667 69.5 26.6667 66.6667 71 26.6667 66.6667 71 26.6667 26.6667
4 4 71 26.6667 26.6667 71 26.6667 66.6667 71 66.6667 66.6667 71 66.6667 26.6667
4 4 71 66.6667 26.6667 71 66.6667 66.6667 69.5 66.6667 66.6667 69.5 66.6667 26.6667
4 4 69.5 66.6667 26.6667 69.5 66.6667 66.6667 69.5 26.6667 66.6667 69.5 26.6667 26.6667
2 24 69.5 26.6667 26.6667 71 26.6667 26.6667
2 24 71 26.6667 26.6667 71 66.6667 26.6667
2 24 71 66.6667 26.6667 69.5 66.6667 26.6667
2 24 69.5 66.6667 26.6667 69.5 26.6667 26.6667
2 24 69.5 26.6667 66.6667 71 26.6667 66.6667
2 24 71 26.6667 66.6667 71 66.6667 66.6667
2 24 71 66.6667 66.6667 69.5 66.6667 66.6667
2 24 69.5 66.6667 66.6667 69.5 26.6667 66.6667
2 24 69.5 26.6667 26.6667 69.5 26.6667 66.6667
2 24 71 26.6667 26.6667 71 26.6667 66.6667
2 24 71 66.6667 26.6667 71 66.6667 66.6667
2 24 69.5 66.6667 26.6667 69.5 66.6667 66.6667
4 25 -71 -66.6667 -66.6667 -69.5 -66.6667 -66.6667 -69.5 -26.6667 -66.6667 -71 -26.6667 -66.6667
4 25 -71 -26.6667 -26.6667 -69.5 -26.6667 -26.6667 -69.5 -66.6667 -26.6667 -71 -66.6667 -26.6667
4 25 -71 -66.6667 -66.6667 -71 -66.6667 -26.6667 -69.5 -66.6667 -26.6667 -69.5 -66.6667 -66.6667
4 25 -69.5 -66.6667 -66.6667 -69.5 -66.6667 -26.6667 -69.5 -26.6667 -26.6667 -69.5 -26.6667 -66.6667
4 25 -69.5 -26.6667 -66.6667 -69.5 -26.6667 -26.6667 -71 -26.6667 -26.6667 -71 -26.6667 -66.6667
4 25 -71 -26.6667 -66.6667 -71 -26.6667 -26.6667 -71 -66.6667 -26.6667 -71 -66.6667 -66.6667
2 24 -71 -66.6667 -66.6667 -69.5 -66.6667 -66.6667
2 24 -69.5 -66.6667 -66.6667 -69.5 -26.6667 -66.6667
2 24 -69.5 -26.6667 -66.6667 -71 -26.6667 -66.6667
2 24 -71 -26.6667 -66.6667 -71 -66.6667 -66.6667
2 24 -71 -66.6667 -26.6667 -69.5 -66.6667 -26.6667
2 24 -69.5 -66.6667 -26.6667 -69.5 -26.6667 -26.6667
2 24 -69.5 -26.6667 -26.6667 -71 -26.6667 -26.6667
2 24 -71 -26.6667 -26.6667 -71 -66.6667 -26.6667
2 24 -71 -66.6667 -66.6667 -71 -66.6667 -26.6667
2 24 -69.5 -66.6667 -66.6667 -69.5 -66.6667 -26.6667
2 24 -69.5 -26.6667 -66.6667 -69.5 -26.6667 -26.6667
2 24 -71 -26.6667 -66.6667 -71 -26.6667 -26.6667
4 25 -71 -66.6667 -20 -69.5 -66.6667 -20 -69.5 -26.6667 -20 -71 -26.6667 -20
4 25 -71 -26.6667 20 -69.5 -26.6667 20 -69.5 -66.6667 20 -71 -66.6667 20
4 25 -71 -66.6667 -20 -71 -66.6667 20 -69.5 -66.6667 20 -69.5 -66.6667 -20
4 25 -69.5 -66.6667 -20 -69.5 -66.6667 20 -69.5 -26.6667 20 -69.5 -26.6667 -20
4 25 -69.5 -26.6667 -20 -69.5 -26.6667 20 -71 -26.6667 20 -71 -26.6667 -20
4 25 -71 -26.6667 -20 -71 -26.6667 20 -71 -66.6667 20 -71 -66.6667 -20
2 24 -71 -66.6667 -20 -69.5 -66.6667 -20
2 24 -69.5 -66.6667 -20 -69.5 -26.6667 -20
2 24 -69.5 -26.6667 -20 -71 -26.6667 -20
2 24 -71 -26.6667 -20 -71 -66.6667 -20
2 24 -71 -66.6667 20 -69.5 -66.6667 20
2 24 -69.5 -66.6667 20 -69.5 -26.6667 20
2 24 -69.5 -26.6667 20 -71 -26.6667 20
2 24 -71 -26.6667 20 -71 -66.6667 20
2 24 -71 -66.6667 -20 -71 -66.6667 20
2 24 -69.5 -66.6667 -20 -69.5 -66.6667 20
2 24 -69.5 -26.6667 -20 -69.5 -26.6667 20
2 24 -71 -26.6667 -20 -71 -26.6667 20
4 25 -71 -66.6667 26.6667 -69.5 -66.6667 26.6667 -69.5 -26.6667 26.6667 -71 -26.6667 26.6667
4 25 -71 -26.6667 66.6667 -69.5 -26.6667 66.6667 -69.5 -66.6667 66.6667 -71 -66.6667 66.6667
4 25 -71 -66.6667 26.6667 -71 -66.6667 66.6667 -69.5 -66.6667 66.6667 -69.5 -66.6667 26.6667
4 25 -69.5 -66.6667 26.6667 -69.5 -66.6667 66.6667 -69.5 -26.6667 66.6667 -69.5 -26.6667 26.6667
4 25 -69.5 -26.6667 26.6667 -69.5 -26.6667 66.6667 -71 -26.6667 66.6667 -71 -26.6667 26.6667
4 25 -71 -26.6667 26.6667 -71 -26.6667 66.6667 -71 -66.6667 66.6667 -71 -66.6667 26.6667
2 24 -71 -66.6667 26.6667 -69.5 -66.6667 26.6667
2 24 -69.5 -66.6667 26.6667 -69.5 -26.6667 26.6667
2 24 -69.5 -26.6667 26.6667 -71 -26.6667 26.6667
2 24 -71 -26.6667 26.6667 -71 -66.6667 26.6667
2 24 -71 -66.6667 66.6667 -69.5 -66.6667 66.6667
2 24 -69.5 -66.6667 66.6667 -69.5 -26.6667 66.6667
2 24 -69.5 -26.6667 66.6667 -71 -26.6667 66.6667
2 24 -71 -26.6667 66.6667 -71 -66.6667 66.6667
2 24 -71 -66.6667 26.6667 -71 -66.6667 66.6667
2 24 -69.5 -66.6667 26.6667 -69.5 -66.6667 66.6667
2 24 -69.5 -26.6667 26.6667 -69.5 -26.6667 66.6667
2 24 -71 -26.6667 26.6667 -71 -26.6667 66.6667
4 25 -71 -20 -66.6667 -69.5 -20 -66.6667 -69.5 20 -66.6667 -71 20 -66.6667
4 25 -71 20 -26.6667 -69.5 20 -26.6667 -69.5 -20 -26.6667 -71 -20 -26.6667
4 25 -71 -20 -66.6667 -71 -20 -26.6667 -69.5 -20 -26.6667 -69.5 -20 -66.6667
4 25 -69.5 -20 -66.6667 -69.5 -20 -26.6667 -69.5 20 -26.6667 -69.5 20 -66.6667
4 25 -69.5 20 -66.6667 -69.5 20 -26.6667 -71 20 -26.6667 -71 20 -66.6667
4 25 -71 20 -66.6667 -71 20 -26.6667 -71 -20 -26.6667 -71 -20 -66.6667
2 24 -71 -20 -66.6667 -69.5 -20 -66.6667
2 24 -69.5 -20 -66.6667 -69.5 20 -66.6667
2 24 -69.5 20 -66.6667 -71 20 -66.6667
2 24 -71 20 -66.6667 -71 -20 -66.6667
2 24 -71 -20 -26.6667 -69.5 -20 -26.6667
2 24 -69.5 -20 -26.6667 -69.5 20 -26.6667
2 24 -69.5 20 -26.6667 -71 20 -26.6667
2 24 -71 20 -26.6667 -71 -20 -26.6667
2 24 -71 -20 -66.6667 -71 -20 -26.6667
2 24 -69.5 -20 -66.6667 -69.5 -20 -26.6667
2 24 -69.5 20 -66.6667 -69.5 20 -26.6667
2 24 -71 20 -66.6667 -71 20 -26.6667
4 25 -71 -20 -20 -69.5 -20 -20 -69.5 20 -20 -71 20 -20
4 25 -71 20 20 -69.5 20 20 -69.5 -20 20 -71 -20 20
4 25 -71 -20 -20 -71 -20 20 -69.5 -20 20 -69.5 -20 -20
4 25 -69.5 -20 -20 -69.5 -20 20 -69.5 20 20 -69.5 20 -20
4 25 -69.5 20 -20 -69.5 20 20 -71 20 20 -71 20 -20
4 25 -71 20 -20 -71 20 20 -71 -20 20 -71 -20 -20
2 24 -71 -20 -20 -69.5 -20 -20
2 24 -69.5 -20 -20 -69.5 20 -20
2 24 -69.5 20 -20 -71 20 -20
2 24 -71 20 -20 -71 -20 -20
2 24 -71 -20 20 -69.5 -20 20
2 24 -69.5 -20 20 -69.5 20 20
2 24 -69.5 20 20 -71 20 20
2 24 -71 20 20 -71 -20 20
2 24 -71 -20 -20 -71 -20 20
2 24 -69.5 -20 -20 -69.5 -20 20
2 24 -69.5 20 -20 -69.5 20 20
2 24 -71 20 -20 -71 20 20
4 25 -71 -20 26.6667 -69.5 -20 26.6667 -69.5 20 26.6667 -71 20 26.6667
4 25 -71 20 66.6667 -69.5 20 66.6667 -69.5 -20 66.6667 -71 -20 66.6667
4 25 -71 -20 26.6667 -71 -20 66.6667 -69.5 -20 66.6667 -69.5 -20 26.6667
4 25 -69.5 -20 26.6667 -69.5 -20 66.6667 -69.5 20 66.6667 -69.5 20 26.6667
4 25 -69.5 20 26.6667 -69.5 20 66.6667 -71 20 66.6667 -71 20 26.6667
4 25 -71 20 26.6667 -71 20 66.6667 -71 -20 66.6667 -71 -20 26.6667
2 24 -71 -20 26.6667 -69.5 -20 26.6667
2 24 -69.5 -20 26.6667 -69.5 20 26.6667
2 24 -69.5 20 26.6667 -71 20 26.6667
2 24 -71 20 26.6667 -71 -20 26.6667
2 24 -71 -20 66.6667 -69.5 -20 66.6667
2 24 -69.5 -20 66.6667 -69.5 20 66.6667
2 24 -69.5 20 66.6667 -71 20 66.6667
2 24 -71 20 66.6667 -71 -20 66.6667
2 24 -71 -20 26.6667 -71 -20 66.6667
2 24 -69.5 -20 26.6667 -69.5 -20 66.6667
2 24 -69.5 20 26.6667 -69.5 20 66.6667
2 24 -71 20 26.6667 -71 20 66.6667
4 25 -71 26.6667 -66.6667 -69.5 26.6667 -66.6667 -69.5 66.6667 -66.6667 -71 66.6667 -66.6667
4 25 -71 66.6667 -26.6667 -69.5 66.6667 -26.6667 -69.5 26.6667 -26.6667 -71 26.6667 -26.6667
4 25 -71 26.6667 -66.6667 -71 26.6667 -26.6667 -69.5 26.6667 -26.6667 -69.5 26.6667 -66.6667
4 25 -69.5 26.6667 -66.6667 -69.5 26.6667 -26.6667 -69.5 66.6667 -26.6667 -69.5 66.6667 -66.6667
4 25 -69.5 66.6667 -66.6667 -69.5 66.6667 -26.6667 -71 66.6667 -26.6667 -71 66.6667 -66.6667
4 25 -71 66.6667 -66.6667 -71 66.6667 -26.6667 -71 26.6667 -26.6667 -71 26.6667 -66.6667
2 24 -71 26.6667 -66.6667 -69.5 26.6667 -66.6667
2 24 -69.5 26.6667 -66.6667 -69.5 66.6667 -66.6667
2 24 -69.5 66.6667 -66.6667 -71 66.6667 -66.6667
2 24 -71 66.6667 -66.6667 -71 26.6667 -66.6667
2 24 -71 26.6667 -26.6667 -69.5 26.6667 -26.6667
2 24 -69.5 26.6667 -26.6667 -69.5 66.6667 -26.6667
2 24 -69.5 66.6667 -26.6667 -71 66.6667 -26.6667
2 24 -71 66.6667 -26.6667 -71 26.6667 -26.6667
2 24 -71 26.6667 -66.6667 -71 26.6667 -26.6667
2 24 -69.5 26.6667 -66.6667 -69.5 26.6667 -26.6667
2 24 -69.5 66.6667 -66.6667 -69.5 66.6667 -26.6667
2 24 -71 66.6667 -66.6667 -71 66.6667 -26.6667
4 25 -71 26.6667 -20 -69.5 26.6667 -20 -69.5 66.6667 -20 -71 66.6667 -20
4 25 -71 66.6667 20 -69.5 66.6667 20 -69.5 26.6667 20 -71 26.6667 20
4 25 -71 26.6667 -20 -71 26.6667 20 -69.5 26.6667 20 -69.5 26.6667 -20
4 25 -69.5 26.6667 -20 -69.5 26.6667 20 -69.5 66.6667 20 -69.5 66.6667 -20
4 25 -69.5 66.6667 -20 -69.5 66.6667 20 -71 66.6667 20 -71 66.6667 -20
4 25 -71 66.6667 -20 -71 66.6667 20 -71 26.6667 20 -71 26.6667 -20
2 24 -71 26.6667 -20 -69.5 26.6667 -20
2 24 -69.5 26.6667 -20 -69.5 66.6667 -20
2 24 -69.5 66.6667 -20 -71 66.6667 -20
2 24 -71 66.6667 -20 -71 26.6667 -20
2 24 -71 26.6667 20 -69.5 26.6667 20
2 24 -69.5 26.6667 20 -69.5 66.6667 20
2 24 -69.5 66.6667 20 -71 66.6667 20
2 24 -71 66.6667 20 -71 26.6667 20
2 24 -71 26.6667 -20 -71 26.6667 20
2 24 -69.5 26.6667 -20 -69.5 26.6667 20
2 24 -69.5 66.6667 -20 -69.5 66.6667 20
2 24 -71 66.6667 -20 -71 66.6667 20
4 25 -71 26.6667 26.6667 -69.5 26.6667 26.6667 -69.5 66.6667 26.6667 -71 66.6667 26.6667
4 25 -71 66.6667 66.6667 -69.5 66.6667 66.6667 -69.5 26.6667 66.6667 -71 26.6667 66.6667
4 25 -71 26.6667 26.6667 -71 26.6667 66.6667 -69.5 26.6667 66.6667 -69.5 26.6667 26.6667
4 25 -69.5 26.6667 26.6667 -69.5 26.6667 66.6667 -69.5 66.6667 66.6667 -69.5 66.6667 26.6667
4 25 -69.5 66.6667 26.6667 -69.5 66.6667 66.6667 -71 66.6667 66.6667 -71 66.6667 26.6667
4 25 -71 66.6667 26.6667 -71 66.6667 66.6667 -71 26.6667 66.6667 -71 26.6667 26.6667
2 24 -71 26.6667 26.6667 -69.5 26.6667 26.6667
2 24 -69.5 26.6667 26.6667 -69.5 66.6667 26.6667
2 24 -69.5 66.6667 26.6667 -71 66.6667 26.6667
2 24 -71 66.6667 26.6667 -71 26.6667 26.6667
2 24 -71 26.6667 66.6667 -69.5 26.6667 66.6667
2 24 -69.5 26.6667 66.6667 -69.5 66.6667 66.6667
2 24 -69.5 66.6667 66.6667 -71 66.6667 66.6667
2 24 -71 66.6667 66.6667 -71 26.6667 66.6667
2 24 -71 26.6667 26.6667 -71 26.6667 66.6667
2 24 -69.5 26.6667 26.6667 -69.5 26.6667 66.6667
2 24 -69.5 66.6667 26.6667 -69.5 66.6667 66.6667
2 24 -71 66.6667 26.6667 -71 66.6667 66.6667
