0 Geekservo 270 Servo (LEGO compatible, approximate)
0 Name: geekservo.dat
0 Author: quadcuber (按用户提供的图纸建模, 外形为近似)
0 !LDRAW_ORG Unofficial_Part
0 BFC NOCERTIFY

4 16 -30 -36 -20 30 -36 -20 30 36 -20 -30 36 -20
4 16 -30 36 20 30 36 20 30 -36 20 -30 -36 20
4 16 -30 -36 -20 -30 -36 20 30 -36 20 30 -36 -20
4 16 30 -36 -20 30 -36 20 30 36 20 30 36 -20
4 16 30 36 -20 30 36 20 -30 36 20 -30 36 -20
4 16 -30 36 -20 -30 36 20 -30 -36 20 -30 -36 -20
2 24 -30 -36 -20 30 -36 -20
2 24 30 -36 -20 30 36 -20
2 24 30 36 -20 -30 36 -20
2 24 -30 36 -20 -30 -36 -20
2 24 -30 -36 20 30 -36 20
2 24 30 -36 20 30 36 20
2 24 30 36 20 -30 36 20
2 24 -30 36 20 -30 -36 20
2 24 -30 -36 -20 -30 -36 20
2 24 30 -36 -20 30 -36 20
2 24 30 36 -20 30 36 20
2 24 -30 36 -20 -30 36 20
4 16 -50 -12 -20 -30 -12 -20 -30 12 -20 -50 12 -20
4 16 -50 12 20 -30 12 20 -30 -12 20 -50 -12 20
4 16 -50 -12 -20 -50 -12 20 -30 -12 20 -30 -12 -20
4 16 -30 -12 -20 -30 -12 20 -30 12 20 -30 12 -20
4 16 -30 12 -20 -30 12 20 -50 12 20 -50 12 -20
4 16 -50 12 -20 -50 12 20 -50 -12 20 -50 -12 -20
2 24 -50 -12 -20 -30 -12 -20
2 24 -30 -12 -20 -30 12 -20
2 24 -30 12 -20 -50 12 -20
2 24 -50 12 -20 -50 -12 -20
2 24 -50 -12 20 -30 -12 20
2 24 -30 -12 20 -30 12 20
2 24 -30 12 20 -50 12 20
2 24 -50 12 20 -50 -12 20
2 24 -50 -12 -20 -50 -12 20
2 24 -30 -12 -20 -30 -12 20
2 24 -30 12 -20 -30 12 20
2 24 -50 12 -20 -50 12 20
1 16 -40 0 -20 1 0 0 0 0 1 0 1 0 connhole.dat
1 16 -40 0 0 1 0 0 0 0 1 0 1 0 connhole.dat
1 0 -40 0 -20.1 6 0 0 0 0 1 0 6 0 4-4disc.dat
1 0 -40 0 20.1 6 0 0 0 0 1 0 6 0 4-4disc.dat
4 16 30 -12 -20 50 -12 -20 50 12 -20 30 12 -20
4 16 30 12 20 50 12 20 50 -12 20 30 -12 20
4 16 30 -12 -20 30 -12 20 50 -12 20 50 -12 -20
4 16 50 -12 -20 50 -12 20 50 12 20 50 12 -20
4 16 50 12 -20 50 12 20 30 12 20 30 12 -20
4 16 30 12 -20 30 12 20 30 -12 20 30 -12 -20
2 24 30 -12 -20 50 -12 -20
2 24 50 -12 -20 50 12 -20
2 24 50 12 -20 30 12 -20
2 24 30 12 -20 30 -12 -20
2 24 30 -12 20 50 -12 20
2 24 50 -12 20 50 12 20
2 24 50 12 20 30 12 20
2 24 30 12 20 30 -12 20
2 24 30 -12 -20 30 -12 20
2 24 50 -12 -20 50 -12 20
2 24 50 12 -20 50 12 20
2 24 30 12 -20 30 12 20
1 16 40 0 -20 1 0 0 0 0 1 0 1 0 connhole.dat
1 16 40 0 0 1 0 0 0 0 1 0 1 0 connhole.dat
1 0 40 0 -20.1 6 0 0 0 0 1 0 6 0 4-4disc.dat
1 0 40 0 20.1 6 0 0 0 0 1 0 6 0 4-4disc.dat
1 16 10 -36 0 12 0 0 0 -3 0 0 0 12 4-4cyli.dat
1 16 10 -39 0 12 0 0 0 1 0 0 0 12 4-4disc.dat
1 71 10 -39 0 1 0 0 0 -11 0 0 0 1 axle.dat
4 0 -36 22 -5 -30 22 -5 -30 32 -5 -36 32 -5
4 0 -36 32 5 -30 32 5 -30 22 5 -36 22 5
4 0 -36 22 -5 -36 22 5 -30 22 5 -30 22 -5
4 0 -30 22 -5 -30 22 5 -30 32 5 -30 32 -5
4 0 -30 32 -5 -30 32 5 -36 32 5 -36 32 -5
4 0 -36 32 -5 -36 32 5 -36 22 5 -36 22 -5
2 24 -36 22 -5 -30 22 -5
2 24 -30 22 -5 -30 32 -5
2 24 -30 32 -5 -36 32 -5
2 24 -36 32 -5 -36 22 -5
2 24 -36 22 5 -30 22 5
2 24 -30 22 5 -30 32 5
2 24 -30 32 5 -36 32 5
2 24 -36 32 5 -36 22 5
2 24 -36 22 -5 -36 22 5
2 24 -30 22 -5 -30 22 5
2 24 -30 32 -5 -30 32 5
2 24 -36 32 -5 -36 32 5
