0 LEGO 3139b 小轮胎套在半轴套上的名义变形示意
0 Author: quadcuber; derived from LDraw 3139b by James Jessiman
0 !LICENSE CC BY 4.0 https://creativecommons.org/licenses/by/4.0/
0 // 修改：展开原网格，按名义径向伸张变形；未经实物验证。
0 BFC CERTIFY CCW
3 16 6.88061 16.61092 -5.00000 7.06700 17.06089 -2.50000 0.00000 18.46619 -2.50000
3 16 6.88061 16.61092 -5.00000 0.00000 18.46619 -2.50000 0.00000 17.97915 -5.00000
3 16 12.71307 12.71307 -5.00000 13.05745 13.05745 -2.50000 7.06700 17.06089 -2.50000
3 16 12.71307 12.71307 -5.00000 7.06700 17.06089 -2.50000 6.88061 16.61092 -5.00000
3 16 16.61092 6.88061 -5.00000 17.06089 7.06700 -2.50000 13.05745 13.05745 -2.50000
3 16 16.61092 6.88061 -5.00000 13.05745 13.05745 -2.50000 12.71307 12.71307 -5.00000
3 16 17.97915 0.00000 -5.00000 18.46619 0.00000 -2.50000 17.06089 7.06700 -2.50000
3 16 17.97915 0.00000 -5.00000 17.06089 7.06700 -2.50000 16.61092 6.88061 -5.00000
3 16 16.61092 -6.88061 -5.00000 17.06089 -7.06700 -2.50000 18.46619 0.00000 -2.50000
3 16 16.61092 -6.88061 -5.00000 18.46619 0.00000 -2.50000 17.97915 0.00000 -5.00000
3 16 12.71307 -12.71307 -5.00000 13.05745 -13.05745 -2.50000 17.06089 -7.06700 -2.50000
3 16 12.71307 -12.71307 -5.00000 17.06089 -7.06700 -2.50000 16.61092 -6.88061 -5.00000
3 16 6.88061 -16.61092 -5.00000 7.06700 -17.06089 -2.50000 13.05745 -13.05745 -2.50000
3 16 6.88061 -16.61092 -5.00000 13.05745 -13.05745 -2.50000 12.71307 -12.71307 -5.00000
3 16 0.00000 -17.97915 -5.00000 0.00000 -18.46619 -2.50000 7.06700 -17.06089 -2.50000
3 16 0.00000 -17.97915 -5.00000 7.06700 -17.06089 -2.50000 6.88061 -16.61092 -5.00000
3 16 -6.88061 -16.61092 -5.00000 -7.06700 -17.06089 -2.50000 0.00000 -18.46619 -2.50000
3 16 -6.88061 -16.61092 -5.00000 0.00000 -18.46619 -2.50000 0.00000 -17.97915 -5.00000
3 16 -12.71307 -12.71307 -5.00000 -13.05745 -13.05745 -2.50000 -7.06700 -17.06089 -2.50000
3 16 -12.71307 -12.71307 -5.00000 -7.06700 -17.06089 -2.50000 -6.88061 -16.61092 -5.00000
3 16 -16.61092 -6.88061 -5.00000 -17.06089 -7.06700 -2.50000 -13.05745 -13.05745 -2.50000
3 16 -16.61092 -6.88061 -5.00000 -13.05745 -13.05745 -2.50000 -12.71307 -12.71307 -5.00000
3 16 -17.97915 0.00000 -5.00000 -18.46619 0.00000 -2.50000 -17.06089 -7.06700 -2.50000
3 16 -17.97915 0.00000 -5.00000 -17.06089 -7.06700 -2.50000 -16.61092 -6.88061 -5.00000
3 16 -16.61092 6.88061 -5.00000 -17.06089 7.06700 -2.50000 -18.46619 0.00000 -2.50000
3 16 -16.61092 6.88061 -5.00000 -18.46619 0.00000 -2.50000 -17.97915 0.00000 -5.00000
3 16 -12.71307 12.71307 -5.00000 -13.05745 13.05745 -2.50000 -17.06089 7.06700 -2.50000
3 16 -12.71307 12.71307 -5.00000 -17.06089 7.06700 -2.50000 -16.61092 6.88061 -5.00000
3 16 -6.88061 16.61092 -5.00000 -7.06700 17.06089 -2.50000 -13.05745 13.05745 -2.50000
3 16 -6.88061 16.61092 -5.00000 -13.05745 13.05745 -2.50000 -12.71307 12.71307 -5.00000
3 16 0.00000 17.97915 -5.00000 0.00000 18.46619 -2.50000 -7.06700 17.06089 -2.50000
3 16 0.00000 17.97915 -5.00000 -7.06700 17.06089 -2.50000 -6.88061 16.61092 -5.00000
3 16 0.00000 18.46619 2.50000 7.06700 17.06089 2.50000 7.06700 17.06089 -2.50000
3 16 0.00000 18.46619 2.50000 7.06700 17.06089 -2.50000 0.00000 18.46619 -2.50000
3 16 7.06700 17.06089 2.50000 13.05745 13.05745 2.50000 13.05745 13.05745 -2.50000
3 16 7.06700 17.06089 2.50000 13.05745 13.05745 -2.50000 7.06700 17.06089 -2.50000
3 16 13.05745 13.05745 2.50000 17.06089 7.06700 2.50000 17.06089 7.06700 -2.50000
3 16 13.05745 13.05745 2.50000 17.06089 7.06700 -2.50000 13.05745 13.05745 -2.50000
3 16 17.06089 7.06700 2.50000 18.46619 0.00000 2.50000 18.46619 0.00000 -2.50000
3 16 17.06089 7.06700 2.50000 18.46619 0.00000 -2.50000 17.06089 7.06700 -2.50000
3 16 18.46619 0.00000 2.50000 17.06089 -7.06700 2.50000 17.06089 -7.06700 -2.50000
3 16 18.46619 0.00000 2.50000 17.06089 -7.06700 -2.50000 18.46619 0.00000 -2.50000
3 16 17.06089 -7.06700 2.50000 13.05745 -13.05745 2.50000 13.05745 -13.05745 -2.50000
3 16 17.06089 -7.06700 2.50000 13.05745 -13.05745 -2.50000 17.06089 -7.06700 -2.50000
3 16 13.05745 -13.05745 2.50000 7.06700 -17.06089 2.50000 7.06700 -17.06089 -2.50000
3 16 13.05745 -13.05745 2.50000 7.06700 -17.06089 -2.50000 13.05745 -13.05745 -2.50000
3 16 7.06700 -17.06089 2.50000 0.00000 -18.46619 2.50000 0.00000 -18.46619 -2.50000
3 16 7.06700 -17.06089 2.50000 0.00000 -18.46619 -2.50000 7.06700 -17.06089 -2.50000
3 16 0.00000 -18.46619 2.50000 -7.06700 -17.06089 2.50000 -7.06700 -17.06089 -2.50000
3 16 0.00000 -18.46619 2.50000 -7.06700 -17.06089 -2.50000 0.00000 -18.46619 -2.50000
3 16 -7.06700 -17.06089 2.50000 -13.05745 -13.05745 2.50000 -13.05745 -13.05745 -2.50000
3 16 -7.06700 -17.06089 2.50000 -13.05745 -13.05745 -2.50000 -7.06700 -17.06089 -2.50000
3 16 -13.05745 -13.05745 2.50000 -17.06089 -7.06700 2.50000 -17.06089 -7.06700 -2.50000
3 16 -13.05745 -13.05745 2.50000 -17.06089 -7.06700 -2.50000 -13.05745 -13.05745 -2.50000
3 16 -17.06089 -7.06700 2.50000 -18.46619 0.00000 2.50000 -18.46619 0.00000 -2.50000
3 16 -17.06089 -7.06700 2.50000 -18.46619 0.00000 -2.50000 -17.06089 -7.06700 -2.50000
3 16 -18.46619 0.00000 2.50000 -17.06089 7.06700 2.50000 -17.06089 7.06700 -2.50000
3 16 -18.46619 0.00000 2.50000 -17.06089 7.06700 -2.50000 -18.46619 0.00000 -2.50000
3 16 -17.06089 7.06700 2.50000 -13.05745 13.05745 2.50000 -13.05745 13.05745 -2.50000
3 16 -17.06089 7.06700 2.50000 -13.05745 13.05745 -2.50000 -17.06089 7.06700 -2.50000
3 16 -13.05745 13.05745 2.50000 -7.06700 17.06089 2.50000 -7.06700 17.06089 -2.50000
3 16 -13.05745 13.05745 2.50000 -7.06700 17.06089 -2.50000 -13.05745 13.05745 -2.50000
3 16 -7.06700 17.06089 2.50000 0.00000 18.46619 2.50000 0.00000 18.46619 -2.50000
3 16 -7.06700 17.06089 2.50000 0.00000 18.46619 -2.50000 -7.06700 17.06089 -2.50000
3 16 6.88061 16.61092 5.00000 7.06700 17.06089 2.50000 0.00000 18.46619 2.50000
3 16 6.88061 16.61092 5.00000 0.00000 18.46619 2.50000 0.00000 17.97915 5.00000
3 16 12.71307 12.71307 5.00000 13.05745 13.05745 2.50000 7.06700 17.06089 2.50000
3 16 12.71307 12.71307 5.00000 7.06700 17.06089 2.50000 6.88061 16.61092 5.00000
3 16 16.61092 6.88061 5.00000 17.06089 7.06700 2.50000 13.05745 13.05745 2.50000
3 16 16.61092 6.88061 5.00000 13.05745 13.05745 2.50000 12.71307 12.71307 5.00000
3 16 17.97915 0.00000 5.00000 18.46619 0.00000 2.50000 17.06089 7.06700 2.50000
3 16 17.97915 0.00000 5.00000 17.06089 7.06700 2.50000 16.61092 6.88061 5.00000
3 16 16.61092 -6.88061 5.00000 17.06089 -7.06700 2.50000 18.46619 0.00000 2.50000
3 16 16.61092 -6.88061 5.00000 18.46619 0.00000 2.50000 17.97915 0.00000 5.00000
3 16 12.71307 -12.71307 5.00000 13.05745 -13.05745 2.50000 17.06089 -7.06700 2.50000
3 16 12.71307 -12.71307 5.00000 17.06089 -7.06700 2.50000 16.61092 -6.88061 5.00000
3 16 6.88061 -16.61092 5.00000 7.06700 -17.06089 2.50000 13.05745 -13.05745 2.50000
3 16 6.88061 -16.61092 5.00000 13.05745 -13.05745 2.50000 12.71307 -12.71307 5.00000
3 16 0.00000 -17.97915 5.00000 0.00000 -18.46619 2.50000 7.06700 -17.06089 2.50000
3 16 0.00000 -17.97915 5.00000 7.06700 -17.06089 2.50000 6.88061 -16.61092 5.00000
3 16 -6.88061 -16.61092 5.00000 -7.06700 -17.06089 2.50000 0.00000 -18.46619 2.50000
3 16 -6.88061 -16.61092 5.00000 0.00000 -18.46619 2.50000 0.00000 -17.97915 5.00000
3 16 -12.71307 -12.71307 5.00000 -13.05745 -13.05745 2.50000 -7.06700 -17.06089 2.50000
3 16 -12.71307 -12.71307 5.00000 -7.06700 -17.06089 2.50000 -6.88061 -16.61092 5.00000
3 16 -16.61092 -6.88061 5.00000 -17.06089 -7.06700 2.50000 -13.05745 -13.05745 2.50000
3 16 -16.61092 -6.88061 5.00000 -13.05745 -13.05745 2.50000 -12.71307 -12.71307 5.00000
3 16 -17.97915 0.00000 5.00000 -18.46619 0.00000 2.50000 -17.06089 -7.06700 2.50000
3 16 -17.97915 0.00000 5.00000 -17.06089 -7.06700 2.50000 -16.61092 -6.88061 5.00000
3 16 -16.61092 6.88061 5.00000 -17.06089 7.06700 2.50000 -18.46619 0.00000 2.50000
3 16 -16.61092 6.88061 5.00000 -18.46619 0.00000 2.50000 -17.97915 0.00000 5.00000
3 16 -12.71307 12.71307 5.00000 -13.05745 13.05745 2.50000 -17.06089 7.06700 2.50000
3 16 -12.71307 12.71307 5.00000 -17.06089 7.06700 2.50000 -16.61092 6.88061 5.00000
3 16 -6.88061 16.61092 5.00000 -7.06700 17.06089 2.50000 -13.05745 13.05745 2.50000
3 16 -6.88061 16.61092 5.00000 -13.05745 13.05745 2.50000 -12.71307 12.71307 5.00000
3 16 0.00000 17.97915 5.00000 0.00000 18.46619 2.50000 -7.06700 17.06089 2.50000
3 16 0.00000 17.97915 5.00000 -7.06700 17.06089 2.50000 -6.88061 16.61092 5.00000
3 16 0.00000 10.81665 -4.00000 4.13952 9.99347 -4.00000 4.13952 9.99347 -5.00000
3 16 0.00000 10.81665 -4.00000 4.13952 9.99347 -5.00000 0.00000 10.81665 -5.00000
3 16 4.13952 9.99347 -4.00000 7.64847 7.64847 -4.00000 7.64847 7.64847 -5.00000
3 16 4.13952 9.99347 -4.00000 7.64847 7.64847 -5.00000 4.13952 9.99347 -5.00000
3 16 7.64847 7.64847 -4.00000 9.99347 4.13952 -4.00000 9.99347 4.13952 -5.00000
3 16 7.64847 7.64847 -4.00000 9.99347 4.13952 -5.00000 7.64847 7.64847 -5.00000
3 16 9.99347 4.13952 -4.00000 10.81665 0.00000 -4.00000 10.81665 0.00000 -5.00000
3 16 9.99347 4.13952 -4.00000 10.81665 0.00000 -5.00000 9.99347 4.13952 -5.00000
3 16 10.81665 0.00000 -4.00000 9.99347 -4.13952 -4.00000 9.99347 -4.13952 -5.00000
3 16 10.81665 0.00000 -4.00000 9.99347 -4.13952 -5.00000 10.81665 0.00000 -5.00000
3 16 9.99347 -4.13952 -4.00000 7.64847 -7.64847 -4.00000 7.64847 -7.64847 -5.00000
3 16 9.99347 -4.13952 -4.00000 7.64847 -7.64847 -5.00000 9.99347 -4.13952 -5.00000
3 16 7.64847 -7.64847 -4.00000 4.13952 -9.99347 -4.00000 4.13952 -9.99347 -5.00000
3 16 7.64847 -7.64847 -4.00000 4.13952 -9.99347 -5.00000 7.64847 -7.64847 -5.00000
3 16 4.13952 -9.99347 -4.00000 0.00000 -10.81665 -4.00000 0.00000 -10.81665 -5.00000
3 16 4.13952 -9.99347 -4.00000 0.00000 -10.81665 -5.00000 4.13952 -9.99347 -5.00000
3 16 0.00000 -10.81665 -4.00000 -4.13952 -9.99347 -4.00000 -4.13952 -9.99347 -5.00000
3 16 0.00000 -10.81665 -4.00000 -4.13952 -9.99347 -5.00000 0.00000 -10.81665 -5.00000
3 16 -4.13952 -9.99347 -4.00000 -7.64847 -7.64847 -4.00000 -7.64847 -7.64847 -5.00000
3 16 -4.13952 -9.99347 -4.00000 -7.64847 -7.64847 -5.00000 -4.13952 -9.99347 -5.00000
3 16 -7.64847 -7.64847 -4.00000 -9.99347 -4.13952 -4.00000 -9.99347 -4.13952 -5.00000
3 16 -7.64847 -7.64847 -4.00000 -9.99347 -4.13952 -5.00000 -7.64847 -7.64847 -5.00000
3 16 -9.99347 -4.13952 -4.00000 -10.81665 0.00000 -4.00000 -10.81665 0.00000 -5.00000
3 16 -9.99347 -4.13952 -4.00000 -10.81665 0.00000 -5.00000 -9.99347 -4.13952 -5.00000
3 16 -10.81665 0.00000 -4.00000 -9.99347 4.13952 -4.00000 -9.99347 4.13952 -5.00000
3 16 -10.81665 0.00000 -4.00000 -9.99347 4.13952 -5.00000 -10.81665 0.00000 -5.00000
3 16 -9.99347 4.13952 -4.00000 -7.64847 7.64847 -4.00000 -7.64847 7.64847 -5.00000
3 16 -9.99347 4.13952 -4.00000 -7.64847 7.64847 -5.00000 -9.99347 4.13952 -5.00000
3 16 -7.64847 7.64847 -4.00000 -4.13952 9.99347 -4.00000 -4.13952 9.99347 -5.00000
3 16 -7.64847 7.64847 -4.00000 -4.13952 9.99347 -5.00000 -7.64847 7.64847 -5.00000
3 16 -4.13952 9.99347 -4.00000 0.00000 10.81665 -4.00000 0.00000 10.81665 -5.00000
3 16 -4.13952 9.99347 -4.00000 0.00000 10.81665 -5.00000 -4.13952 9.99347 -5.00000
3 16 0.00000 9.00000 2.00000 3.44421 8.31489 2.00000 4.13952 9.99347 4.00000
3 16 0.00000 9.00000 2.00000 4.13952 9.99347 4.00000 0.00000 10.81665 4.00000
3 16 3.44421 8.31489 2.00000 6.36396 6.36396 2.00000 7.64847 7.64847 4.00000
3 16 3.44421 8.31489 2.00000 7.64847 7.64847 4.00000 4.13952 9.99347 4.00000
3 16 6.36396 6.36396 2.00000 8.31489 3.44421 2.00000 9.99347 4.13952 4.00000
3 16 6.36396 6.36396 2.00000 9.99347 4.13952 4.00000 7.64847 7.64847 4.00000
3 16 8.31489 3.44421 2.00000 9.00000 0.00000 2.00000 10.81665 0.00000 4.00000
3 16 8.31489 3.44421 2.00000 10.81665 0.00000 4.00000 9.99347 4.13952 4.00000
3 16 9.00000 0.00000 2.00000 8.31489 -3.44421 2.00000 9.99347 -4.13952 4.00000
3 16 9.00000 0.00000 2.00000 9.99347 -4.13952 4.00000 10.81665 0.00000 4.00000
3 16 8.31489 -3.44421 2.00000 6.36396 -6.36396 2.00000 7.64847 -7.64847 4.00000
3 16 8.31489 -3.44421 2.00000 7.64847 -7.64847 4.00000 9.99347 -4.13952 4.00000
3 16 6.36396 -6.36396 2.00000 3.44421 -8.31489 2.00000 4.13952 -9.99347 4.00000
3 16 6.36396 -6.36396 2.00000 4.13952 -9.99347 4.00000 7.64847 -7.64847 4.00000
3 16 3.44421 -8.31489 2.00000 0.00000 -9.00000 2.00000 0.00000 -10.81665 4.00000
3 16 3.44421 -8.31489 2.00000 0.00000 -10.81665 4.00000 4.13952 -9.99347 4.00000
3 16 0.00000 -9.00000 2.00000 -3.44421 -8.31489 2.00000 -4.13952 -9.99347 4.00000
3 16 0.00000 -9.00000 2.00000 -4.13952 -9.99347 4.00000 0.00000 -10.81665 4.00000
3 16 -3.44421 -8.31489 2.00000 -6.36396 -6.36396 2.00000 -7.64847 -7.64847 4.00000
3 16 -3.44421 -8.31489 2.00000 -7.64847 -7.64847 4.00000 -4.13952 -9.99347 4.00000
3 16 -6.36396 -6.36396 2.00000 -8.31489 -3.44421 2.00000 -9.99347 -4.13952 4.00000
3 16 -6.36396 -6.36396 2.00000 -9.99347 -4.13952 4.00000 -7.64847 -7.64847 4.00000
3 16 -8.31489 -3.44421 2.00000 -9.00000 0.00000 2.00000 -10.81665 0.00000 4.00000
3 16 -8.31489 -3.44421 2.00000 -10.81665 0.00000 4.00000 -9.99347 -4.13952 4.00000
3 16 -9.00000 0.00000 2.00000 -8.31489 3.44421 2.00000 -9.99347 4.13952 4.00000
3 16 -9.00000 0.00000 2.00000 -9.99347 4.13952 4.00000 -10.81665 0.00000 4.00000
3 16 -8.31489 3.44421 2.00000 -6.36396 6.36396 2.00000 -7.64847 7.64847 4.00000
3 16 -8.31489 3.44421 2.00000 -7.64847 7.64847 4.00000 -9.99347 4.13952 4.00000
3 16 -6.36396 6.36396 2.00000 -3.44421 8.31489 2.00000 -4.13952 9.99347 4.00000
3 16 -6.36396 6.36396 2.00000 -4.13952 9.99347 4.00000 -7.64847 7.64847 4.00000
3 16 -3.44421 8.31489 2.00000 0.00000 9.00000 2.00000 0.00000 10.81665 4.00000
3 16 -3.44421 8.31489 2.00000 0.00000 10.81665 4.00000 -4.13952 9.99347 4.00000
3 16 0.00000 9.00000 2.00000 3.44421 8.31489 2.00000 3.44421 8.31489 -2.00000
3 16 0.00000 9.00000 2.00000 3.44421 8.31489 -2.00000 0.00000 9.00000 -2.00000
3 16 3.44421 8.31489 2.00000 6.36396 6.36396 2.00000 6.36396 6.36396 -2.00000
3 16 3.44421 8.31489 2.00000 6.36396 6.36396 -2.00000 3.44421 8.31489 -2.00000
3 16 6.36396 6.36396 2.00000 8.31489 3.44421 2.00000 8.31489 3.44421 -2.00000
3 16 6.36396 6.36396 2.00000 8.31489 3.44421 -2.00000 6.36396 6.36396 -2.00000
3 16 8.31489 3.44421 2.00000 9.00000 0.00000 2.00000 9.00000 0.00000 -2.00000
3 16 8.31489 3.44421 2.00000 9.00000 0.00000 -2.00000 8.31489 3.44421 -2.00000
3 16 9.00000 0.00000 2.00000 8.31489 -3.44421 2.00000 8.31489 -3.44421 -2.00000
3 16 9.00000 0.00000 2.00000 8.31489 -3.44421 -2.00000 9.00000 0.00000 -2.00000
3 16 8.31489 -3.44421 2.00000 6.36396 -6.36396 2.00000 6.36396 -6.36396 -2.00000
3 16 8.31489 -3.44421 2.00000 6.36396 -6.36396 -2.00000 8.31489 -3.44421 -2.00000
3 16 6.36396 -6.36396 2.00000 3.44421 -8.31489 2.00000 3.44421 -8.31489 -2.00000
3 16 6.36396 -6.36396 2.00000 3.44421 -8.31489 -2.00000 6.36396 -6.36396 -2.00000
3 16 3.44421 -8.31489 2.00000 0.00000 -9.00000 2.00000 0.00000 -9.00000 -2.00000
3 16 3.44421 -8.31489 2.00000 0.00000 -9.00000 -2.00000 3.44421 -8.31489 -2.00000
3 16 0.00000 -9.00000 2.00000 -3.44421 -8.31489 2.00000 -3.44421 -8.31489 -2.00000
3 16 0.00000 -9.00000 2.00000 -3.44421 -8.31489 -2.00000 0.00000 -9.00000 -2.00000
3 16 -3.44421 -8.31489 2.00000 -6.36396 -6.36396 2.00000 -6.36396 -6.36396 -2.00000
3 16 -3.44421 -8.31489 2.00000 -6.36396 -6.36396 -2.00000 -3.44421 -8.31489 -2.00000
3 16 -6.36396 -6.36396 2.00000 -8.31489 -3.44421 2.00000 -8.31489 -3.44421 -2.00000
3 16 -6.36396 -6.36396 2.00000 -8.31489 -3.44421 -2.00000 -6.36396 -6.36396 -2.00000
3 16 -8.31489 -3.44421 2.00000 -9.00000 0.00000 2.00000 -9.00000 0.00000 -2.00000
3 16 -8.31489 -3.44421 2.00000 -9.00000 0.00000 -2.00000 -8.31489 -3.44421 -2.00000
3 16 -9.00000 0.00000 2.00000 -8.31489 3.44421 2.00000 -8.31489 3.44421 -2.00000
3 16 -9.00000 0.00000 2.00000 -8.31489 3.44421 -2.00000 -9.00000 0.00000 -2.00000
3 16 -8.31489 3.44421 2.00000 -6.36396 6.36396 2.00000 -6.36396 6.36396 -2.00000
3 16 -8.31489 3.44421 2.00000 -6.36396 6.36396 -2.00000 -8.31489 3.44421 -2.00000
3 16 -6.36396 6.36396 2.00000 -3.44421 8.31489 2.00000 -3.44421 8.31489 -2.00000
3 16 -6.36396 6.36396 2.00000 -3.44421 8.31489 -2.00000 -6.36396 6.36396 -2.00000
3 16 -3.44421 8.31489 2.00000 0.00000 9.00000 2.00000 0.00000 9.00000 -2.00000
3 16 -3.44421 8.31489 2.00000 0.00000 9.00000 -2.00000 -3.44421 8.31489 -2.00000
3 16 0.00000 9.00000 -2.00000 3.44421 8.31489 -2.00000 4.13952 9.99347 -4.00000
3 16 0.00000 9.00000 -2.00000 4.13952 9.99347 -4.00000 0.00000 10.81665 -4.00000
3 16 3.44421 8.31489 -2.00000 6.36396 6.36396 -2.00000 7.64847 7.64847 -4.00000
3 16 3.44421 8.31489 -2.00000 7.64847 7.64847 -4.00000 4.13952 9.99347 -4.00000
3 16 6.36396 6.36396 -2.00000 8.31489 3.44421 -2.00000 9.99347 4.13952 -4.00000
3 16 6.36396 6.36396 -2.00000 9.99347 4.13952 -4.00000 7.64847 7.64847 -4.00000
3 16 8.31489 3.44421 -2.00000 9.00000 0.00000 -2.00000 10.81665 0.00000 -4.00000
3 16 8.31489 3.44421 -2.00000 10.81665 0.00000 -4.00000 9.99347 4.13952 -4.00000
3 16 9.00000 0.00000 -2.00000 8.31489 -3.44421 -2.00000 9.99347 -4.13952 -4.00000
3 16 9.00000 0.00000 -2.00000 9.99347 -4.13952 -4.00000 10.81665 0.00000 -4.00000
3 16 8.31489 -3.44421 -2.00000 6.36396 -6.36396 -2.00000 7.64847 -7.64847 -4.00000
3 16 8.31489 -3.44421 -2.00000 7.64847 -7.64847 -4.00000 9.99347 -4.13952 -4.00000
3 16 6.36396 -6.36396 -2.00000 3.44421 -8.31489 -2.00000 4.13952 -9.99347 -4.00000
3 16 6.36396 -6.36396 -2.00000 4.13952 -9.99347 -4.00000 7.64847 -7.64847 -4.00000
3 16 3.44421 -8.31489 -2.00000 0.00000 -9.00000 -2.00000 0.00000 -10.81665 -4.00000
3 16 3.44421 -8.31489 -2.00000 0.00000 -10.81665 -4.00000 4.13952 -9.99347 -4.00000
3 16 0.00000 -9.00000 -2.00000 -3.44421 -8.31489 -2.00000 -4.13952 -9.99347 -4.00000
3 16 0.00000 -9.00000 -2.00000 -4.13952 -9.99347 -4.00000 0.00000 -10.81665 -4.00000
3 16 -3.44421 -8.31489 -2.00000 -6.36396 -6.36396 -2.00000 -7.64847 -7.64847 -4.00000
3 16 -3.44421 -8.31489 -2.00000 -7.64847 -7.64847 -4.00000 -4.13952 -9.99347 -4.00000
3 16 -6.36396 -6.36396 -2.00000 -8.31489 -3.44421 -2.00000 -9.99347 -4.13952 -4.00000
3 16 -6.36396 -6.36396 -2.00000 -9.99347 -4.13952 -4.00000 -7.64847 -7.64847 -4.00000
3 16 -8.31489 -3.44421 -2.00000 -9.00000 0.00000 -2.00000 -10.81665 0.00000 -4.00000
3 16 -8.31489 -3.44421 -2.00000 -10.81665 0.00000 -4.00000 -9.99347 -4.13952 -4.00000
3 16 -9.00000 0.00000 -2.00000 -8.31489 3.44421 -2.00000 -9.99347 4.13952 -4.00000
3 16 -9.00000 0.00000 -2.00000 -9.99347 4.13952 -4.00000 -10.81665 0.00000 -4.00000
3 16 -8.31489 3.44421 -2.00000 -6.36396 6.36396 -2.00000 -7.64847 7.64847 -4.00000
3 16 -8.31489 3.44421 -2.00000 -7.64847 7.64847 -4.00000 -9.99347 4.13952 -4.00000
3 16 -6.36396 6.36396 -2.00000 -3.44421 8.31489 -2.00000 -4.13952 9.99347 -4.00000
3 16 -6.36396 6.36396 -2.00000 -4.13952 9.99347 -4.00000 -7.64847 7.64847 -4.00000
3 16 -3.44421 8.31489 -2.00000 0.00000 9.00000 -2.00000 0.00000 10.81665 -4.00000
3 16 -3.44421 8.31489 -2.00000 0.00000 10.81665 -4.00000 -4.13952 9.99347 -4.00000
3 16 0.00000 10.81665 4.00000 4.13952 9.99347 4.00000 4.13952 9.99347 5.00000
3 16 0.00000 10.81665 4.00000 4.13952 9.99347 5.00000 0.00000 10.81665 5.00000
3 16 4.13952 9.99347 4.00000 7.64847 7.64847 4.00000 7.64847 7.64847 5.00000
3 16 4.13952 9.99347 4.00000 7.64847 7.64847 5.00000 4.13952 9.99347 5.00000
3 16 7.64847 7.64847 4.00000 9.99347 4.13952 4.00000 9.99347 4.13952 5.00000
3 16 7.64847 7.64847 4.00000 9.99347 4.13952 5.00000 7.64847 7.64847 5.00000
3 16 9.99347 4.13952 4.00000 10.81665 0.00000 4.00000 10.81665 0.00000 5.00000
3 16 9.99347 4.13952 4.00000 10.81665 0.00000 5.00000 9.99347 4.13952 5.00000
3 16 10.81665 0.00000 4.00000 9.99347 -4.13952 4.00000 9.99347 -4.13952 5.00000
3 16 10.81665 0.00000 4.00000 9.99347 -4.13952 5.00000 10.81665 0.00000 5.00000
3 16 9.99347 -4.13952 4.00000 7.64847 -7.64847 4.00000 7.64847 -7.64847 5.00000
3 16 9.99347 -4.13952 4.00000 7.64847 -7.64847 5.00000 9.99347 -4.13952 5.00000
3 16 7.64847 -7.64847 4.00000 4.13952 -9.99347 4.00000 4.13952 -9.99347 5.00000
3 16 7.64847 -7.64847 4.00000 4.13952 -9.99347 5.00000 7.64847 -7.64847 5.00000
3 16 4.13952 -9.99347 4.00000 0.00000 -10.81665 4.00000 0.00000 -10.81665 5.00000
3 16 4.13952 -9.99347 4.00000 0.00000 -10.81665 5.00000 4.13952 -9.99347 5.00000
3 16 0.00000 -10.81665 4.00000 -4.13952 -9.99347 4.00000 -4.13952 -9.99347 5.00000
3 16 0.00000 -10.81665 4.00000 -4.13952 -9.99347 5.00000 0.00000 -10.81665 5.00000
3 16 -4.13952 -9.99347 4.00000 -7.64847 -7.64847 4.00000 -7.64847 -7.64847 5.00000
3 16 -4.13952 -9.99347 4.00000 -7.64847 -7.64847 5.00000 -4.13952 -9.99347 5.00000
3 16 -7.64847 -7.64847 4.00000 -9.99347 -4.13952 4.00000 -9.99347 -4.13952 5.00000
3 16 -7.64847 -7.64847 4.00000 -9.99347 -4.13952 5.00000 -7.64847 -7.64847 5.00000
3 16 -9.99347 -4.13952 4.00000 -10.81665 0.00000 4.00000 -10.81665 0.00000 5.00000
3 16 -9.99347 -4.13952 4.00000 -10.81665 0.00000 5.00000 -9.99347 -4.13952 5.00000
3 16 -10.81665 0.00000 4.00000 -9.99347 4.13952 4.00000 -9.99347 4.13952 5.00000
3 16 -10.81665 0.00000 4.00000 -9.99347 4.13952 5.00000 -10.81665 0.00000 5.00000
3 16 -9.99347 4.13952 4.00000 -7.64847 7.64847 4.00000 -7.64847 7.64847 5.00000
3 16 -9.99347 4.13952 4.00000 -7.64847 7.64847 5.00000 -9.99347 4.13952 5.00000
3 16 -7.64847 7.64847 4.00000 -4.13952 9.99347 4.00000 -4.13952 9.99347 5.00000
3 16 -7.64847 7.64847 4.00000 -4.13952 9.99347 5.00000 -7.64847 7.64847 5.00000
3 16 -4.13952 9.99347 4.00000 0.00000 10.81665 4.00000 0.00000 10.81665 5.00000
3 16 -4.13952 9.99347 4.00000 0.00000 10.81665 5.00000 -4.13952 9.99347 5.00000
3 16 14.37249 -5.95340 -5.00000 9.99347 -4.13952 -5.00000 10.81665 0.00000 -5.00000
3 16 14.37249 -5.95340 -5.00000 10.81665 0.00000 -5.00000 15.55635 0.00000 -5.00000
3 16 10.99990 -10.99990 -5.00000 7.64847 -7.64847 -5.00000 9.99347 -4.13952 -5.00000
3 16 10.99990 -10.99990 -5.00000 9.99347 -4.13952 -5.00000 14.37249 -5.95340 -5.00000
3 16 5.95340 -14.37249 -5.00000 4.13952 -9.99347 -5.00000 7.64847 -7.64847 -5.00000
3 16 5.95340 -14.37249 -5.00000 7.64847 -7.64847 -5.00000 10.99990 -10.99990 -5.00000
3 16 0.00000 -15.55635 -5.00000 0.00000 -10.81665 -5.00000 4.13952 -9.99347 -5.00000
3 16 0.00000 -15.55635 -5.00000 4.13952 -9.99347 -5.00000 5.95340 -14.37249 -5.00000
3 16 -5.95340 -14.37249 -5.00000 -4.13952 -9.99347 -5.00000 0.00000 -10.81665 -5.00000
3 16 -5.95340 -14.37249 -5.00000 0.00000 -10.81665 -5.00000 0.00000 -15.55635 -5.00000
3 16 -10.99990 -10.99990 -5.00000 -7.64847 -7.64847 -5.00000 -4.13952 -9.99347 -5.00000
3 16 -10.99990 -10.99990 -5.00000 -4.13952 -9.99347 -5.00000 -5.95340 -14.37249 -5.00000
3 16 -14.37249 -5.95340 -5.00000 -9.99347 -4.13952 -5.00000 -7.64847 -7.64847 -5.00000
3 16 -14.37249 -5.95340 -5.00000 -7.64847 -7.64847 -5.00000 -10.99990 -10.99990 -5.00000
3 16 -15.55635 0.00000 -5.00000 -10.81665 0.00000 -5.00000 -9.99347 -4.13952 -5.00000
3 16 -15.55635 0.00000 -5.00000 -9.99347 -4.13952 -5.00000 -14.37249 -5.95340 -5.00000
3 16 -14.37249 5.95340 -5.00000 -9.99347 4.13952 -5.00000 -10.81665 0.00000 -5.00000
3 16 -14.37249 5.95340 -5.00000 -10.81665 0.00000 -5.00000 -15.55635 0.00000 -5.00000
3 16 -10.99990 10.99990 -5.00000 -7.64847 7.64847 -5.00000 -9.99347 4.13952 -5.00000
3 16 -10.99990 10.99990 -5.00000 -9.99347 4.13952 -5.00000 -14.37249 5.95340 -5.00000
3 16 -5.95340 14.37249 -5.00000 -4.13952 9.99347 -5.00000 -7.64847 7.64847 -5.00000
3 16 -5.95340 14.37249 -5.00000 -7.64847 7.64847 -5.00000 -10.99990 10.99990 -5.00000
3 16 0.00000 15.55635 -5.00000 0.00000 10.81665 -5.00000 -4.13952 9.99347 -5.00000
3 16 0.00000 15.55635 -5.00000 -4.13952 9.99347 -5.00000 -5.95340 14.37249 -5.00000
3 16 5.95340 14.37249 -5.00000 4.13952 9.99347 -5.00000 0.00000 10.81665 -5.00000
3 16 5.95340 14.37249 -5.00000 0.00000 10.81665 -5.00000 0.00000 15.55635 -5.00000
3 16 10.99990 10.99990 -5.00000 7.64847 7.64847 -5.00000 4.13952 9.99347 -5.00000
3 16 10.99990 10.99990 -5.00000 4.13952 9.99347 -5.00000 5.95340 14.37249 -5.00000
3 16 14.37249 5.95340 -5.00000 9.99347 4.13952 -5.00000 7.64847 7.64847 -5.00000
3 16 14.37249 5.95340 -5.00000 7.64847 7.64847 -5.00000 10.99990 10.99990 -5.00000
3 16 15.55635 0.00000 -5.00000 10.81665 0.00000 -5.00000 9.99347 4.13952 -5.00000
3 16 15.55635 0.00000 -5.00000 9.99347 4.13952 -5.00000 14.37249 5.95340 -5.00000
3 16 0.00000 17.97915 -5.00000 6.88036 16.61068 -5.00000 5.95315 14.37225 -5.00000
3 16 0.00000 17.97915 -5.00000 5.95315 14.37225 -5.00000 0.00000 15.55635 -5.00000
3 16 6.88036 16.61068 -5.00000 12.71307 12.71307 -5.00000 10.99990 10.99990 -5.00000
3 16 6.88036 16.61068 -5.00000 10.99990 10.99990 -5.00000 5.95315 14.37225 -5.00000
3 16 12.71307 12.71307 -5.00000 16.61068 6.88036 -5.00000 14.37225 5.95315 -5.00000
3 16 12.71307 12.71307 -5.00000 14.37225 5.95315 -5.00000 10.99990 10.99990 -5.00000
3 16 16.61068 6.88036 -5.00000 17.97915 0.00000 -5.00000 15.55635 0.00000 -5.00000
3 16 16.61068 6.88036 -5.00000 15.55635 0.00000 -5.00000 14.37225 5.95315 -5.00000
3 16 17.97915 0.00000 -5.00000 16.61068 -6.88036 -5.00000 14.37225 -5.95315 -5.00000
3 16 17.97915 0.00000 -5.00000 14.37225 -5.95315 -5.00000 15.55635 0.00000 -5.00000
3 16 16.61068 -6.88036 -5.00000 12.71307 -12.71307 -5.00000 10.99990 -10.99990 -5.00000
3 16 16.61068 -6.88036 -5.00000 10.99990 -10.99990 -5.00000 14.37225 -5.95315 -5.00000
3 16 12.71307 -12.71307 -5.00000 6.88036 -16.61068 -5.00000 5.95315 -14.37225 -5.00000
3 16 12.71307 -12.71307 -5.00000 5.95315 -14.37225 -5.00000 10.99990 -10.99990 -5.00000
3 16 6.88036 -16.61068 -5.00000 0.00000 -17.97915 -5.00000 0.00000 -15.55635 -5.00000
3 16 6.88036 -16.61068 -5.00000 0.00000 -15.55635 -5.00000 5.95315 -14.37225 -5.00000
3 16 0.00000 -17.97915 -5.00000 -6.88036 -16.61068 -5.00000 -5.95315 -14.37225 -5.00000
3 16 0.00000 -17.97915 -5.00000 -5.95315 -14.37225 -5.00000 0.00000 -15.55635 -5.00000
3 16 -6.88036 -16.61068 -5.00000 -12.71307 -12.71307 -5.00000 -10.99990 -10.99990 -5.00000
3 16 -6.88036 -16.61068 -5.00000 -10.99990 -10.99990 -5.00000 -5.95315 -14.37225 -5.00000
3 16 -12.71307 -12.71307 -5.00000 -16.61068 -6.88036 -5.00000 -14.37225 -5.95315 -5.00000
3 16 -12.71307 -12.71307 -5.00000 -14.37225 -5.95315 -5.00000 -10.99990 -10.99990 -5.00000
3 16 -16.61068 -6.88036 -5.00000 -17.97915 0.00000 -5.00000 -15.55635 0.00000 -5.00000
3 16 -16.61068 -6.88036 -5.00000 -15.55635 0.00000 -5.00000 -14.37225 -5.95315 -5.00000
3 16 -17.97915 0.00000 -5.00000 -16.61068 6.88036 -5.00000 -14.37225 5.95315 -5.00000
3 16 -17.97915 0.00000 -5.00000 -14.37225 5.95315 -5.00000 -15.55635 0.00000 -5.00000
3 16 -16.61068 6.88036 -5.00000 -12.71307 12.71307 -5.00000 -10.99990 10.99990 -5.00000
3 16 -16.61068 6.88036 -5.00000 -10.99990 10.99990 -5.00000 -14.37225 5.95315 -5.00000
3 16 -12.71307 12.71307 -5.00000 -6.88036 16.61068 -5.00000 -5.95315 14.37225 -5.00000
3 16 -12.71307 12.71307 -5.00000 -5.95315 14.37225 -5.00000 -10.99990 10.99990 -5.00000
3 16 -6.88036 16.61068 -5.00000 0.00000 17.97915 -5.00000 0.00000 15.55635 -5.00000
3 16 -6.88036 16.61068 -5.00000 0.00000 15.55635 -5.00000 -5.95315 14.37225 -5.00000
3 16 -14.37249 -5.95340 5.00000 -9.99347 -4.13952 5.00000 -10.81665 0.00000 5.00000
3 16 -14.37249 -5.95340 5.00000 -10.81665 0.00000 5.00000 -15.55635 0.00000 5.00000
3 16 -10.99990 -10.99990 5.00000 -7.64847 -7.64847 5.00000 -9.99347 -4.13952 5.00000
3 16 -10.99990 -10.99990 5.00000 -9.99347 -4.13952 5.00000 -14.37249 -5.95340 5.00000
3 16 -5.95340 -14.37249 5.00000 -4.13952 -9.99347 5.00000 -7.64847 -7.64847 5.00000
3 16 -5.95340 -14.37249 5.00000 -7.64847 -7.64847 5.00000 -10.99990 -10.99990 5.00000
3 16 0.00000 -15.55635 5.00000 0.00000 -10.81665 5.00000 -4.13952 -9.99347 5.00000
3 16 0.00000 -15.55635 5.00000 -4.13952 -9.99347 5.00000 -5.95340 -14.37249 5.00000
3 16 5.95340 -14.37249 5.00000 4.13952 -9.99347 5.00000 0.00000 -10.81665 5.00000
3 16 5.95340 -14.37249 5.00000 0.00000 -10.81665 5.00000 0.00000 -15.55635 5.00000
3 16 10.99990 -10.99990 5.00000 7.64847 -7.64847 5.00000 4.13952 -9.99347 5.00000
3 16 10.99990 -10.99990 5.00000 4.13952 -9.99347 5.00000 5.95340 -14.37249 5.00000
3 16 14.37249 -5.95340 5.00000 9.99347 -4.13952 5.00000 7.64847 -7.64847 5.00000
3 16 14.37249 -5.95340 5.00000 7.64847 -7.64847 5.00000 10.99990 -10.99990 5.00000
3 16 15.55635 0.00000 5.00000 10.81665 0.00000 5.00000 9.99347 -4.13952 5.00000
3 16 15.55635 0.00000 5.00000 9.99347 -4.13952 5.00000 14.37249 -5.95340 5.00000
3 16 14.37249 5.95340 5.00000 9.99347 4.13952 5.00000 10.81665 0.00000 5.00000
3 16 14.37249 5.95340 5.00000 10.81665 0.00000 5.00000 15.55635 0.00000 5.00000
3 16 10.99990 10.99990 5.00000 7.64847 7.64847 5.00000 9.99347 4.13952 5.00000
3 16 10.99990 10.99990 5.00000 9.99347 4.13952 5.00000 14.37249 5.95340 5.00000
3 16 5.95340 14.37249 5.00000 4.13952 9.99347 5.00000 7.64847 7.64847 5.00000
3 16 5.95340 14.37249 5.00000 7.64847 7.64847 5.00000 10.99990 10.99990 5.00000
3 16 0.00000 15.55635 5.00000 0.00000 10.81665 5.00000 4.13952 9.99347 5.00000
3 16 0.00000 15.55635 5.00000 4.13952 9.99347 5.00000 5.95340 14.37249 5.00000
3 16 -5.95340 14.37249 5.00000 -4.13952 9.99347 5.00000 0.00000 10.81665 5.00000
3 16 -5.95340 14.37249 5.00000 0.00000 10.81665 5.00000 0.00000 15.55635 5.00000
3 16 -10.99990 10.99990 5.00000 -7.64847 7.64847 5.00000 -4.13952 9.99347 5.00000
3 16 -10.99990 10.99990 5.00000 -4.13952 9.99347 5.00000 -5.95340 14.37249 5.00000
3 16 -14.37249 5.95340 5.00000 -9.99347 4.13952 5.00000 -7.64847 7.64847 5.00000
3 16 -14.37249 5.95340 5.00000 -7.64847 7.64847 5.00000 -10.99990 10.99990 5.00000
3 16 -15.55635 0.00000 5.00000 -10.81665 0.00000 5.00000 -9.99347 4.13952 5.00000
3 16 -15.55635 0.00000 5.00000 -9.99347 4.13952 5.00000 -14.37249 5.95340 5.00000
3 16 0.00000 17.97915 5.00000 -6.88036 16.61068 5.00000 -5.95315 14.37225 5.00000
3 16 0.00000 17.97915 5.00000 -5.95315 14.37225 5.00000 0.00000 15.55635 5.00000
3 16 -6.88036 16.61068 5.00000 -12.71307 12.71307 5.00000 -10.99990 10.99990 5.00000
3 16 -6.88036 16.61068 5.00000 -10.99990 10.99990 5.00000 -5.95315 14.37225 5.00000
3 16 -12.71307 12.71307 5.00000 -16.61068 6.88036 5.00000 -14.37225 5.95315 5.00000
3 16 -12.71307 12.71307 5.00000 -14.37225 5.95315 5.00000 -10.99990 10.99990 5.00000
3 16 -16.61068 6.88036 5.00000 -17.97915 0.00000 5.00000 -15.55635 0.00000 5.00000
3 16 -16.61068 6.88036 5.00000 -15.55635 0.00000 5.00000 -14.37225 5.95315 5.00000
3 16 -17.97915 0.00000 5.00000 -16.61068 -6.88036 5.00000 -14.37225 -5.95315 5.00000
3 16 -17.97915 0.00000 5.00000 -14.37225 -5.95315 5.00000 -15.55635 0.00000 5.00000
3 16 -16.61068 -6.88036 5.00000 -12.71307 -12.71307 5.00000 -10.99990 -10.99990 5.00000
3 16 -16.61068 -6.88036 5.00000 -10.99990 -10.99990 5.00000 -14.37225 -5.95315 5.00000
3 16 -12.71307 -12.71307 5.00000 -6.88036 -16.61068 5.00000 -5.95315 -14.37225 5.00000
3 16 -12.71307 -12.71307 5.00000 -5.95315 -14.37225 5.00000 -10.99990 -10.99990 5.00000
3 16 -6.88036 -16.61068 5.00000 0.00000 -17.97915 5.00000 0.00000 -15.55635 5.00000
3 16 -6.88036 -16.61068 5.00000 0.00000 -15.55635 5.00000 -5.95315 -14.37225 5.00000
3 16 0.00000 -17.97915 5.00000 6.88036 -16.61068 5.00000 5.95315 -14.37225 5.00000
3 16 0.00000 -17.97915 5.00000 5.95315 -14.37225 5.00000 0.00000 -15.55635 5.00000
3 16 6.88036 -16.61068 5.00000 12.71307 -12.71307 5.00000 10.99990 -10.99990 5.00000
3 16 6.88036 -16.61068 5.00000 10.99990 -10.99990 5.00000 5.95315 -14.37225 5.00000
3 16 12.71307 -12.71307 5.00000 16.61068 -6.88036 5.00000 14.37225 -5.95315 5.00000
3 16 12.71307 -12.71307 5.00000 14.37225 -5.95315 5.00000 10.99990 -10.99990 5.00000
3 16 16.61068 -6.88036 5.00000 17.97915 0.00000 5.00000 15.55635 0.00000 5.00000
3 16 16.61068 -6.88036 5.00000 15.55635 0.00000 5.00000 14.37225 -5.95315 5.00000
3 16 17.97915 0.00000 5.00000 16.61068 6.88036 5.00000 14.37225 5.95315 5.00000
3 16 17.97915 0.00000 5.00000 14.37225 5.95315 5.00000 15.55635 0.00000 5.00000
3 16 16.61068 6.88036 5.00000 12.71307 12.71307 5.00000 10.99990 10.99990 5.00000
3 16 16.61068 6.88036 5.00000 10.99990 10.99990 5.00000 14.37225 5.95315 5.00000
3 16 12.71307 12.71307 5.00000 6.88036 16.61068 5.00000 5.95315 14.37225 5.00000
3 16 12.71307 12.71307 5.00000 5.95315 14.37225 5.00000 10.99990 10.99990 5.00000
3 16 6.88036 16.61068 5.00000 0.00000 17.97915 5.00000 0.00000 15.55635 5.00000
3 16 6.88036 16.61068 5.00000 0.00000 15.55635 5.00000 5.95315 14.37225 5.00000
3 16 0.00000 15.55635 -5.50000 5.95340 14.37249 -5.50000 5.95340 14.37249 -5.00000
3 16 0.00000 15.55635 -5.50000 5.95340 14.37249 -5.00000 0.00000 15.55635 -5.00000
3 16 5.95340 14.37249 -5.50000 10.99990 10.99990 -5.50000 10.99990 10.99990 -5.00000
3 16 5.95340 14.37249 -5.50000 10.99990 10.99990 -5.00000 5.95340 14.37249 -5.00000
3 16 10.99990 10.99990 -5.50000 14.37249 5.95340 -5.50000 14.37249 5.95340 -5.00000
3 16 10.99990 10.99990 -5.50000 14.37249 5.95340 -5.00000 10.99990 10.99990 -5.00000
3 16 14.37249 5.95340 -5.50000 15.55635 0.00000 -5.50000 15.55635 0.00000 -5.00000
3 16 14.37249 5.95340 -5.50000 15.55635 0.00000 -5.00000 14.37249 5.95340 -5.00000
3 16 15.55635 0.00000 -5.50000 14.37249 -5.95340 -5.50000 14.37249 -5.95340 -5.00000
3 16 15.55635 0.00000 -5.50000 14.37249 -5.95340 -5.00000 15.55635 0.00000 -5.00000
3 16 14.37249 -5.95340 -5.50000 10.99990 -10.99990 -5.50000 10.99990 -10.99990 -5.00000
3 16 14.37249 -5.95340 -5.50000 10.99990 -10.99990 -5.00000 14.37249 -5.95340 -5.00000
3 16 10.99990 -10.99990 -5.50000 5.95340 -14.37249 -5.50000 5.95340 -14.37249 -5.00000
3 16 10.99990 -10.99990 -5.50000 5.95340 -14.37249 -5.00000 10.99990 -10.99990 -5.00000
3 16 5.95340 -14.37249 -5.50000 0.00000 -15.55635 -5.50000 0.00000 -15.55635 -5.00000
3 16 5.95340 -14.37249 -5.50000 0.00000 -15.55635 -5.00000 5.95340 -14.37249 -5.00000
3 16 0.00000 -15.55635 -5.50000 -5.95340 -14.37249 -5.50000 -5.95340 -14.37249 -5.00000
3 16 0.00000 -15.55635 -5.50000 -5.95340 -14.37249 -5.00000 0.00000 -15.55635 -5.00000
3 16 -5.95340 -14.37249 -5.50000 -10.99990 -10.99990 -5.50000 -10.99990 -10.99990 -5.00000
3 16 -5.95340 -14.37249 -5.50000 -10.99990 -10.99990 -5.00000 -5.95340 -14.37249 -5.00000
3 16 -10.99990 -10.99990 -5.50000 -14.37249 -5.95340 -5.50000 -14.37249 -5.95340 -5.00000
3 16 -10.99990 -10.99990 -5.50000 -14.37249 -5.95340 -5.00000 -10.99990 -10.99990 -5.00000
3 16 -14.37249 -5.95340 -5.50000 -15.55635 0.00000 -5.50000 -15.55635 0.00000 -5.00000
3 16 -14.37249 -5.95340 -5.50000 -15.55635 0.00000 -5.00000 -14.37249 -5.95340 -5.00000
3 16 -15.55635 0.00000 -5.50000 -14.37249 5.95340 -5.50000 -14.37249 5.95340 -5.00000
3 16 -15.55635 0.00000 -5.50000 -14.37249 5.95340 -5.00000 -15.55635 0.00000 -5.00000
3 16 -14.37249 5.95340 -5.50000 -10.99990 10.99990 -5.50000 -10.99990 10.99990 -5.00000
3 16 -14.37249 5.95340 -5.50000 -10.99990 10.99990 -5.00000 -14.37249 5.95340 -5.00000
3 16 -10.99990 10.99990 -5.50000 -5.95340 14.37249 -5.50000 -5.95340 14.37249 -5.00000
3 16 -10.99990 10.99990 -5.50000 -5.95340 14.37249 -5.00000 -10.99990 10.99990 -5.00000
3 16 -5.95340 14.37249 -5.50000 0.00000 15.55635 -5.50000 0.00000 15.55635 -5.00000
3 16 -5.95340 14.37249 -5.50000 0.00000 15.55635 -5.00000 -5.95340 14.37249 -5.00000
3 16 0.00000 16.52271 -5.50000 6.32323 15.26531 -5.50000 6.32323 15.26531 -5.00000
3 16 0.00000 16.52271 -5.50000 6.32323 15.26531 -5.00000 0.00000 16.52271 -5.00000
3 16 6.32323 15.26531 -5.50000 11.68322 11.68322 -5.50000 11.68322 11.68322 -5.00000
3 16 6.32323 15.26531 -5.50000 11.68322 11.68322 -5.00000 6.32323 15.26531 -5.00000
3 16 11.68322 11.68322 -5.50000 15.26531 6.32323 -5.50000 15.26531 6.32323 -5.00000
3 16 11.68322 11.68322 -5.50000 15.26531 6.32323 -5.00000 11.68322 11.68322 -5.00000
3 16 15.26531 6.32323 -5.50000 16.52271 0.00000 -5.50000 16.52271 0.00000 -5.00000
3 16 15.26531 6.32323 -5.50000 16.52271 0.00000 -5.00000 15.26531 6.32323 -5.00000
3 16 16.52271 0.00000 -5.50000 15.26531 -6.32323 -5.50000 15.26531 -6.32323 -5.00000
3 16 16.52271 0.00000 -5.50000 15.26531 -6.32323 -5.00000 16.52271 0.00000 -5.00000
3 16 15.26531 -6.32323 -5.50000 11.68322 -11.68322 -5.50000 11.68322 -11.68322 -5.00000
3 16 15.26531 -6.32323 -5.50000 11.68322 -11.68322 -5.00000 15.26531 -6.32323 -5.00000
3 16 11.68322 -11.68322 -5.50000 6.32323 -15.26531 -5.50000 6.32323 -15.26531 -5.00000
3 16 11.68322 -11.68322 -5.50000 6.32323 -15.26531 -5.00000 11.68322 -11.68322 -5.00000
3 16 6.32323 -15.26531 -5.50000 0.00000 -16.52271 -5.50000 0.00000 -16.52271 -5.00000
3 16 6.32323 -15.26531 -5.50000 0.00000 -16.52271 -5.00000 6.32323 -15.26531 -5.00000
3 16 0.00000 -16.52271 -5.50000 -6.32323 -15.26531 -5.50000 -6.32323 -15.26531 -5.00000
3 16 0.00000 -16.52271 -5.50000 -6.32323 -15.26531 -5.00000 0.00000 -16.52271 -5.00000
3 16 -6.32323 -15.26531 -5.50000 -11.68322 -11.68322 -5.50000 -11.68322 -11.68322 -5.00000
3 16 -6.32323 -15.26531 -5.50000 -11.68322 -11.68322 -5.00000 -6.32323 -15.26531 -5.00000
3 16 -11.68322 -11.68322 -5.50000 -15.26531 -6.32323 -5.50000 -15.26531 -6.32323 -5.00000
3 16 -11.68322 -11.68322 -5.50000 -15.26531 -6.32323 -5.00000 -11.68322 -11.68322 -5.00000
3 16 -15.26531 -6.32323 -5.50000 -16.52271 0.00000 -5.50000 -16.52271 0.00000 -5.00000
3 16 -15.26531 -6.32323 -5.50000 -16.52271 0.00000 -5.00000 -15.26531 -6.32323 -5.00000
3 16 -16.52271 0.00000 -5.50000 -15.26531 6.32323 -5.50000 -15.26531 6.32323 -5.00000
3 16 -16.52271 0.00000 -5.50000 -15.26531 6.32323 -5.00000 -16.52271 0.00000 -5.00000
3 16 -15.26531 6.32323 -5.50000 -11.68322 11.68322 -5.50000 -11.68322 11.68322 -5.00000
3 16 -15.26531 6.32323 -5.50000 -11.68322 11.68322 -5.00000 -15.26531 6.32323 -5.00000
3 16 -11.68322 11.68322 -5.50000 -6.32323 15.26531 -5.50000 -6.32323 15.26531 -5.00000
3 16 -11.68322 11.68322 -5.50000 -6.32323 15.26531 -5.00000 -11.68322 11.68322 -5.00000
3 16 -6.32323 15.26531 -5.50000 0.00000 16.52271 -5.50000 0.00000 16.52271 -5.00000
3 16 -6.32323 15.26531 -5.50000 0.00000 16.52271 -5.00000 -6.32323 15.26531 -5.00000
3 16 0.00000 16.52271 -5.50000 6.32323 15.26531 -5.50000 5.95340 14.37249 -5.50000
3 16 0.00000 16.52271 -5.50000 5.95340 14.37249 -5.50000 0.00000 15.55635 -5.50000
3 16 6.32323 15.26531 -5.50000 11.68322 11.68322 -5.50000 10.99990 10.99990 -5.50000
3 16 6.32323 15.26531 -5.50000 10.99990 10.99990 -5.50000 5.95340 14.37249 -5.50000
3 16 11.68322 11.68322 -5.50000 15.26531 6.32323 -5.50000 14.37249 5.95340 -5.50000
3 16 11.68322 11.68322 -5.50000 14.37249 5.95340 -5.50000 10.99990 10.99990 -5.50000
3 16 15.26531 6.32323 -5.50000 16.52271 0.00000 -5.50000 15.55635 0.00000 -5.50000
3 16 15.26531 6.32323 -5.50000 15.55635 0.00000 -5.50000 14.37249 5.95340 -5.50000
3 16 16.52271 0.00000 -5.50000 15.26531 -6.32323 -5.50000 14.37249 -5.95340 -5.50000
3 16 16.52271 0.00000 -5.50000 14.37249 -5.95340 -5.50000 15.55635 0.00000 -5.50000
3 16 15.26531 -6.32323 -5.50000 11.68322 -11.68322 -5.50000 10.99990 -10.99990 -5.50000
3 16 15.26531 -6.32323 -5.50000 10.99990 -10.99990 -5.50000 14.37249 -5.95340 -5.50000
3 16 11.68322 -11.68322 -5.50000 6.32323 -15.26531 -5.50000 5.95340 -14.37249 -5.50000
3 16 11.68322 -11.68322 -5.50000 5.95340 -14.37249 -5.50000 10.99990 -10.99990 -5.50000
3 16 6.32323 -15.26531 -5.50000 0.00000 -16.52271 -5.50000 0.00000 -15.55635 -5.50000
3 16 6.32323 -15.26531 -5.50000 0.00000 -15.55635 -5.50000 5.95340 -14.37249 -5.50000
3 16 0.00000 -16.52271 -5.50000 -6.32323 -15.26531 -5.50000 -5.95340 -14.37249 -5.50000
3 16 0.00000 -16.52271 -5.50000 -5.95340 -14.37249 -5.50000 0.00000 -15.55635 -5.50000
3 16 -6.32323 -15.26531 -5.50000 -11.68322 -11.68322 -5.50000 -10.99990 -10.99990 -5.50000
3 16 -6.32323 -15.26531 -5.50000 -10.99990 -10.99990 -5.50000 -5.95340 -14.37249 -5.50000
3 16 -11.68322 -11.68322 -5.50000 -15.26531 -6.32323 -5.50000 -14.37249 -5.95340 -5.50000
3 16 -11.68322 -11.68322 -5.50000 -14.37249 -5.95340 -5.50000 -10.99990 -10.99990 -5.50000
3 16 -15.26531 -6.32323 -5.50000 -16.52271 0.00000 -5.50000 -15.55635 0.00000 -5.50000
3 16 -15.26531 -6.32323 -5.50000 -15.55635 0.00000 -5.50000 -14.37249 -5.95340 -5.50000
3 16 -16.52271 0.00000 -5.50000 -15.26531 6.32323 -5.50000 -14.37249 5.95340 -5.50000
3 16 -16.52271 0.00000 -5.50000 -14.37249 5.95340 -5.50000 -15.55635 0.00000 -5.50000
3 16 -15.26531 6.32323 -5.50000 -11.68322 11.68322 -5.50000 -10.99990 10.99990 -5.50000
3 16 -15.26531 6.32323 -5.50000 -10.99990 10.99990 -5.50000 -14.37249 5.95340 -5.50000
3 16 -11.68322 11.68322 -5.50000 -6.32323 15.26531 -5.50000 -5.95340 14.37249 -5.50000
3 16 -11.68322 11.68322 -5.50000 -5.95340 14.37249 -5.50000 -10.99990 10.99990 -5.50000
3 16 -6.32323 15.26531 -5.50000 0.00000 16.52271 -5.50000 0.00000 15.55635 -5.50000
3 16 -6.32323 15.26531 -5.50000 0.00000 15.55635 -5.50000 -5.95340 14.37249 -5.50000
3 16 0.00000 12.68858 -5.50000 4.85591 11.72295 -5.50000 4.85591 11.72295 -5.00000
3 16 0.00000 12.68858 -5.50000 4.85591 11.72295 -5.00000 0.00000 12.68858 -5.00000
3 16 4.85591 11.72295 -5.50000 8.97210 8.97210 -5.50000 8.97210 8.97210 -5.00000
3 16 4.85591 11.72295 -5.50000 8.97210 8.97210 -5.00000 4.85591 11.72295 -5.00000
3 16 8.97210 8.97210 -5.50000 11.72295 4.85591 -5.50000 11.72295 4.85591 -5.00000
3 16 8.97210 8.97210 -5.50000 11.72295 4.85591 -5.00000 8.97210 8.97210 -5.00000
3 16 11.72295 4.85591 -5.50000 12.68858 0.00000 -5.50000 12.68858 0.00000 -5.00000
3 16 11.72295 4.85591 -5.50000 12.68858 0.00000 -5.00000 11.72295 4.85591 -5.00000
3 16 12.68858 0.00000 -5.50000 11.72295 -4.85591 -5.50000 11.72295 -4.85591 -5.00000
3 16 12.68858 0.00000 -5.50000 11.72295 -4.85591 -5.00000 12.68858 0.00000 -5.00000
3 16 11.72295 -4.85591 -5.50000 8.97210 -8.97210 -5.50000 8.97210 -8.97210 -5.00000
3 16 11.72295 -4.85591 -5.50000 8.97210 -8.97210 -5.00000 11.72295 -4.85591 -5.00000
3 16 8.97210 -8.97210 -5.50000 4.85591 -11.72295 -5.50000 4.85591 -11.72295 -5.00000
3 16 8.97210 -8.97210 -5.50000 4.85591 -11.72295 -5.00000 8.97210 -8.97210 -5.00000
3 16 4.85591 -11.72295 -5.50000 0.00000 -12.68858 -5.50000 0.00000 -12.68858 -5.00000
3 16 4.85591 -11.72295 -5.50000 0.00000 -12.68858 -5.00000 4.85591 -11.72295 -5.00000
3 16 0.00000 -12.68858 -5.50000 -4.85591 -11.72295 -5.50000 -4.85591 -11.72295 -5.00000
3 16 0.00000 -12.68858 -5.50000 -4.85591 -11.72295 -5.00000 0.00000 -12.68858 -5.00000
3 16 -4.85591 -11.72295 -5.50000 -8.97210 -8.97210 -5.50000 -8.97210 -8.97210 -5.00000
3 16 -4.85591 -11.72295 -5.50000 -8.97210 -8.97210 -5.00000 -4.85591 -11.72295 -5.00000
3 16 -8.97210 -8.97210 -5.50000 -11.72295 -4.85591 -5.50000 -11.72295 -4.85591 -5.00000
3 16 -8.97210 -8.97210 -5.50000 -11.72295 -4.85591 -5.00000 -8.97210 -8.97210 -5.00000
3 16 -11.72295 -4.85591 -5.50000 -12.68858 0.00000 -5.50000 -12.68858 0.00000 -5.00000
3 16 -11.72295 -4.85591 -5.50000 -12.68858 0.00000 -5.00000 -11.72295 -4.85591 -5.00000
3 16 -12.68858 0.00000 -5.50000 -11.72295 4.85591 -5.50000 -11.72295 4.85591 -5.00000
3 16 -12.68858 0.00000 -5.50000 -11.72295 4.85591 -5.00000 -12.68858 0.00000 -5.00000
3 16 -11.72295 4.85591 -5.50000 -8.97210 8.97210 -5.50000 -8.97210 8.97210 -5.00000
3 16 -11.72295 4.85591 -5.50000 -8.97210 8.97210 -5.00000 -11.72295 4.85591 -5.00000
3 16 -8.97210 8.97210 -5.50000 -4.85591 11.72295 -5.50000 -4.85591 11.72295 -5.00000
3 16 -8.97210 8.97210 -5.50000 -4.85591 11.72295 -5.00000 -8.97210 8.97210 -5.00000
3 16 -4.85591 11.72295 -5.50000 0.00000 12.68858 -5.50000 0.00000 12.68858 -5.00000
3 16 -4.85591 11.72295 -5.50000 0.00000 12.68858 -5.00000 -4.85591 11.72295 -5.00000
3 16 0.00000 13.63818 -5.50000 5.21932 12.60029 -5.50000 5.21932 12.60029 -5.00000
3 16 0.00000 13.63818 -5.50000 5.21932 12.60029 -5.00000 0.00000 13.63818 -5.00000
3 16 5.21932 12.60029 -5.50000 9.64357 9.64357 -5.50000 9.64357 9.64357 -5.00000
3 16 5.21932 12.60029 -5.50000 9.64357 9.64357 -5.00000 5.21932 12.60029 -5.00000
3 16 9.64357 9.64357 -5.50000 12.60029 5.21932 -5.50000 12.60029 5.21932 -5.00000
3 16 9.64357 9.64357 -5.50000 12.60029 5.21932 -5.00000 9.64357 9.64357 -5.00000
3 16 12.60029 5.21932 -5.50000 13.63818 0.00000 -5.50000 13.63818 0.00000 -5.00000
3 16 12.60029 5.21932 -5.50000 13.63818 0.00000 -5.00000 12.60029 5.21932 -5.00000
3 16 13.63818 0.00000 -5.50000 12.60029 -5.21932 -5.50000 12.60029 -5.21932 -5.00000
3 16 13.63818 0.00000 -5.50000 12.60029 -5.21932 -5.00000 13.63818 0.00000 -5.00000
3 16 12.60029 -5.21932 -5.50000 9.64357 -9.64357 -5.50000 9.64357 -9.64357 -5.00000
3 16 12.60029 -5.21932 -5.50000 9.64357 -9.64357 -5.00000 12.60029 -5.21932 -5.00000
3 16 9.64357 -9.64357 -5.50000 5.21932 -12.60029 -5.50000 5.21932 -12.60029 -5.00000
3 16 9.64357 -9.64357 -5.50000 5.21932 -12.60029 -5.00000 9.64357 -9.64357 -5.00000
3 16 5.21932 -12.60029 -5.50000 0.00000 -13.63818 -5.50000 0.00000 -13.63818 -5.00000
3 16 5.21932 -12.60029 -5.50000 0.00000 -13.63818 -5.00000 5.21932 -12.60029 -5.00000
3 16 0.00000 -13.63818 -5.50000 -5.21932 -12.60029 -5.50000 -5.21932 -12.60029 -5.00000
3 16 0.00000 -13.63818 -5.50000 -5.21932 -12.60029 -5.00000 0.00000 -13.63818 -5.00000
3 16 -5.21932 -12.60029 -5.50000 -9.64357 -9.64357 -5.50000 -9.64357 -9.64357 -5.00000
3 16 -5.21932 -12.60029 -5.50000 -9.64357 -9.64357 -5.00000 -5.21932 -12.60029 -5.00000
3 16 -9.64357 -9.64357 -5.50000 -12.60029 -5.21932 -5.50000 -12.60029 -5.21932 -5.00000
3 16 -9.64357 -9.64357 -5.50000 -12.60029 -5.21932 -5.00000 -9.64357 -9.64357 -5.00000
3 16 -12.60029 -5.21932 -5.50000 -13.63818 0.00000 -5.50000 -13.63818 0.00000 -5.00000
3 16 -12.60029 -5.21932 -5.50000 -13.63818 0.00000 -5.00000 -12.60029 -5.21932 -5.00000
3 16 -13.63818 0.00000 -5.50000 -12.60029 5.21932 -5.50000 -12.60029 5.21932 -5.00000
3 16 -13.63818 0.00000 -5.50000 -12.60029 5.21932 -5.00000 -13.63818 0.00000 -5.00000
3 16 -12.60029 5.21932 -5.50000 -9.64357 9.64357 -5.50000 -9.64357 9.64357 -5.00000
3 16 -12.60029 5.21932 -5.50000 -9.64357 9.64357 -5.00000 -12.60029 5.21932 -5.00000
3 16 -9.64357 9.64357 -5.50000 -5.21932 12.60029 -5.50000 -5.21932 12.60029 -5.00000
3 16 -9.64357 9.64357 -5.50000 -5.21932 12.60029 -5.00000 -9.64357 9.64357 -5.00000
3 16 -5.21932 12.60029 -5.50000 0.00000 13.63818 -5.50000 0.00000 13.63818 -5.00000
3 16 -5.21932 12.60029 -5.50000 0.00000 13.63818 -5.00000 -5.21932 12.60029 -5.00000
3 16 0.00000 13.63818 -5.50000 5.21932 12.60029 -5.50000 4.85591 11.72295 -5.50000
3 16 0.00000 13.63818 -5.50000 4.85591 11.72295 -5.50000 0.00000 12.68858 -5.50000
3 16 5.21932 12.60029 -5.50000 9.64357 9.64357 -5.50000 8.97210 8.97210 -5.50000
3 16 5.21932 12.60029 -5.50000 8.97210 8.97210 -5.50000 4.85591 11.72295 -5.50000
3 16 9.64357 9.64357 -5.50000 12.60029 5.21932 -5.50000 11.72295 4.85591 -5.50000
3 16 9.64357 9.64357 -5.50000 11.72295 4.85591 -5.50000 8.97210 8.97210 -5.50000
3 16 12.60029 5.21932 -5.50000 13.63818 0.00000 -5.50000 12.68858 0.00000 -5.50000
3 16 12.60029 5.21932 -5.50000 12.68858 0.00000 -5.50000 11.72295 4.85591 -5.50000
3 16 13.63818 0.00000 -5.50000 12.60029 -5.21932 -5.50000 11.72295 -4.85591 -5.50000
3 16 13.63818 0.00000 -5.50000 11.72295 -4.85591 -5.50000 12.68858 0.00000 -5.50000
3 16 12.60029 -5.21932 -5.50000 9.64357 -9.64357 -5.50000 8.97210 -8.97210 -5.50000
3 16 12.60029 -5.21932 -5.50000 8.97210 -8.97210 -5.50000 11.72295 -4.85591 -5.50000
3 16 9.64357 -9.64357 -5.50000 5.21932 -12.60029 -5.50000 4.85591 -11.72295 -5.50000
3 16 9.64357 -9.64357 -5.50000 4.85591 -11.72295 -5.50000 8.97210 -8.97210 -5.50000
3 16 5.21932 -12.60029 -5.50000 0.00000 -13.63818 -5.50000 0.00000 -12.68858 -5.50000
3 16 5.21932 -12.60029 -5.50000 0.00000 -12.68858 -5.50000 4.85591 -11.72295 -5.50000
3 16 0.00000 -13.63818 -5.50000 -5.21932 -12.60029 -5.50000 -4.85591 -11.72295 -5.50000
3 16 0.00000 -13.63818 -5.50000 -4.85591 -11.72295 -5.50000 0.00000 -12.68858 -5.50000
3 16 -5.21932 -12.60029 -5.50000 -9.64357 -9.64357 -5.50000 -8.97210 -8.97210 -5.50000
3 16 -5.21932 -12.60029 -5.50000 -8.97210 -8.97210 -5.50000 -4.85591 -11.72295 -5.50000
3 16 -9.64357 -9.64357 -5.50000 -12.60029 -5.21932 -5.50000 -11.72295 -4.85591 -5.50000
3 16 -9.64357 -9.64357 -5.50000 -11.72295 -4.85591 -5.50000 -8.97210 -8.97210 -5.50000
3 16 -12.60029 -5.21932 -5.50000 -13.63818 0.00000 -5.50000 -12.68858 0.00000 -5.50000
3 16 -12.60029 -5.21932 -5.50000 -12.68858 0.00000 -5.50000 -11.72295 -4.85591 -5.50000
3 16 -13.63818 0.00000 -5.50000 -12.60029 5.21932 -5.50000 -11.72295 4.85591 -5.50000
3 16 -13.63818 0.00000 -5.50000 -11.72295 4.85591 -5.50000 -12.68858 0.00000 -5.50000
3 16 -12.60029 5.21932 -5.50000 -9.64357 9.64357 -5.50000 -8.97210 8.97210 -5.50000
3 16 -12.60029 5.21932 -5.50000 -8.97210 8.97210 -5.50000 -11.72295 4.85591 -5.50000
3 16 -9.64357 9.64357 -5.50000 -5.21932 12.60029 -5.50000 -4.85591 11.72295 -5.50000
3 16 -9.64357 9.64357 -5.50000 -4.85591 11.72295 -5.50000 -8.97210 8.97210 -5.50000
3 16 -5.21932 12.60029 -5.50000 0.00000 13.63818 -5.50000 0.00000 12.68858 -5.50000
3 16 -5.21932 12.60029 -5.50000 0.00000 12.68858 -5.50000 -4.85591 11.72295 -5.50000
3 16 0.00000 15.55635 5.50000 5.95340 14.37249 5.50000 5.95340 14.37249 5.00000
3 16 0.00000 15.55635 5.50000 5.95340 14.37249 5.00000 0.00000 15.55635 5.00000
3 16 5.95340 14.37249 5.50000 10.99990 10.99990 5.50000 10.99990 10.99990 5.00000
3 16 5.95340 14.37249 5.50000 10.99990 10.99990 5.00000 5.95340 14.37249 5.00000
3 16 10.99990 10.99990 5.50000 14.37249 5.95340 5.50000 14.37249 5.95340 5.00000
3 16 10.99990 10.99990 5.50000 14.37249 5.95340 5.00000 10.99990 10.99990 5.00000
3 16 14.37249 5.95340 5.50000 15.55635 0.00000 5.50000 15.55635 0.00000 5.00000
3 16 14.37249 5.95340 5.50000 15.55635 0.00000 5.00000 14.37249 5.95340 5.00000
3 16 15.55635 0.00000 5.50000 14.37249 -5.95340 5.50000 14.37249 -5.95340 5.00000
3 16 15.55635 0.00000 5.50000 14.37249 -5.95340 5.00000 15.55635 0.00000 5.00000
3 16 14.37249 -5.95340 5.50000 10.99990 -10.99990 5.50000 10.99990 -10.99990 5.00000
3 16 14.37249 -5.95340 5.50000 10.99990 -10.99990 5.00000 14.37249 -5.95340 5.00000
3 16 10.99990 -10.99990 5.50000 5.95340 -14.37249 5.50000 5.95340 -14.37249 5.00000
3 16 10.99990 -10.99990 5.50000 5.95340 -14.37249 5.00000 10.99990 -10.99990 5.00000
3 16 5.95340 -14.37249 5.50000 0.00000 -15.55635 5.50000 0.00000 -15.55635 5.00000
3 16 5.95340 -14.37249 5.50000 0.00000 -15.55635 5.00000 5.95340 -14.37249 5.00000
3 16 0.00000 -15.55635 5.50000 -5.95340 -14.37249 5.50000 -5.95340 -14.37249 5.00000
3 16 0.00000 -15.55635 5.50000 -5.95340 -14.37249 5.00000 0.00000 -15.55635 5.00000
3 16 -5.95340 -14.37249 5.50000 -10.99990 -10.99990 5.50000 -10.99990 -10.99990 5.00000
3 16 -5.95340 -14.37249 5.50000 -10.99990 -10.99990 5.00000 -5.95340 -14.37249 5.00000
3 16 -10.99990 -10.99990 5.50000 -14.37249 -5.95340 5.50000 -14.37249 -5.95340 5.00000
3 16 -10.99990 -10.99990 5.50000 -14.37249 -5.95340 5.00000 -10.99990 -10.99990 5.00000
3 16 -14.37249 -5.95340 5.50000 -15.55635 0.00000 5.50000 -15.55635 0.00000 5.00000
3 16 -14.37249 -5.95340 5.50000 -15.55635 0.00000 5.00000 -14.37249 -5.95340 5.00000
3 16 -15.55635 0.00000 5.50000 -14.37249 5.95340 5.50000 -14.37249 5.95340 5.00000
3 16 -15.55635 0.00000 5.50000 -14.37249 5.95340 5.00000 -15.55635 0.00000 5.00000
3 16 -14.37249 5.95340 5.50000 -10.99990 10.99990 5.50000 -10.99990 10.99990 5.00000
3 16 -14.37249 5.95340 5.50000 -10.99990 10.99990 5.00000 -14.37249 5.95340 5.00000
3 16 -10.99990 10.99990 5.50000 -5.95340 14.37249 5.50000 -5.95340 14.37249 5.00000
3 16 -10.99990 10.99990 5.50000 -5.95340 14.37249 5.00000 -10.99990 10.99990 5.00000
3 16 -5.95340 14.37249 5.50000 0.00000 15.55635 5.50000 0.00000 15.55635 5.00000
3 16 -5.95340 14.37249 5.50000 0.00000 15.55635 5.00000 -5.95340 14.37249 5.00000
3 16 0.00000 16.52271 5.50000 6.32323 15.26531 5.50000 6.32323 15.26531 5.00000
3 16 0.00000 16.52271 5.50000 6.32323 15.26531 5.00000 0.00000 16.52271 5.00000
3 16 6.32323 15.26531 5.50000 11.68322 11.68322 5.50000 11.68322 11.68322 5.00000
3 16 6.32323 15.26531 5.50000 11.68322 11.68322 5.00000 6.32323 15.26531 5.00000
3 16 11.68322 11.68322 5.50000 15.26531 6.32323 5.50000 15.26531 6.32323 5.00000
3 16 11.68322 11.68322 5.50000 15.26531 6.32323 5.00000 11.68322 11.68322 5.00000
3 16 15.26531 6.32323 5.50000 16.52271 0.00000 5.50000 16.52271 0.00000 5.00000
3 16 15.26531 6.32323 5.50000 16.52271 0.00000 5.00000 15.26531 6.32323 5.00000
3 16 16.52271 0.00000 5.50000 15.26531 -6.32323 5.50000 15.26531 -6.32323 5.00000
3 16 16.52271 0.00000 5.50000 15.26531 -6.32323 5.00000 16.52271 0.00000 5.00000
3 16 15.26531 -6.32323 5.50000 11.68322 -11.68322 5.50000 11.68322 -11.68322 5.00000
3 16 15.26531 -6.32323 5.50000 11.68322 -11.68322 5.00000 15.26531 -6.32323 5.00000
3 16 11.68322 -11.68322 5.50000 6.32323 -15.26531 5.50000 6.32323 -15.26531 5.00000
3 16 11.68322 -11.68322 5.50000 6.32323 -15.26531 5.00000 11.68322 -11.68322 5.00000
3 16 6.32323 -15.26531 5.50000 0.00000 -16.52271 5.50000 0.00000 -16.52271 5.00000
3 16 6.32323 -15.26531 5.50000 0.00000 -16.52271 5.00000 6.32323 -15.26531 5.00000
3 16 0.00000 -16.52271 5.50000 -6.32323 -15.26531 5.50000 -6.32323 -15.26531 5.00000
3 16 0.00000 -16.52271 5.50000 -6.32323 -15.26531 5.00000 0.00000 -16.52271 5.00000
3 16 -6.32323 -15.26531 5.50000 -11.68322 -11.68322 5.50000 -11.68322 -11.68322 5.00000
3 16 -6.32323 -15.26531 5.50000 -11.68322 -11.68322 5.00000 -6.32323 -15.26531 5.00000
3 16 -11.68322 -11.68322 5.50000 -15.26531 -6.32323 5.50000 -15.26531 -6.32323 5.00000
3 16 -11.68322 -11.68322 5.50000 -15.26531 -6.32323 5.00000 -11.68322 -11.68322 5.00000
3 16 -15.26531 -6.32323 5.50000 -16.52271 0.00000 5.50000 -16.52271 0.00000 5.00000
3 16 -15.26531 -6.32323 5.50000 -16.52271 0.00000 5.00000 -15.26531 -6.32323 5.00000
3 16 -16.52271 0.00000 5.50000 -15.26531 6.32323 5.50000 -15.26531 6.32323 5.00000
3 16 -16.52271 0.00000 5.50000 -15.26531 6.32323 5.00000 -16.52271 0.00000 5.00000
3 16 -15.26531 6.32323 5.50000 -11.68322 11.68322 5.50000 -11.68322 11.68322 5.00000
3 16 -15.26531 6.32323 5.50000 -11.68322 11.68322 5.00000 -15.26531 6.32323 5.00000
3 16 -11.68322 11.68322 5.50000 -6.32323 15.26531 5.50000 -6.32323 15.26531 5.00000
3 16 -11.68322 11.68322 5.50000 -6.32323 15.26531 5.00000 -11.68322 11.68322 5.00000
3 16 -6.32323 15.26531 5.50000 0.00000 16.52271 5.50000 0.00000 16.52271 5.00000
3 16 -6.32323 15.26531 5.50000 0.00000 16.52271 5.00000 -6.32323 15.26531 5.00000
3 16 0.00000 16.52271 5.50000 6.32323 15.26531 5.50000 5.95340 14.37249 5.50000
3 16 0.00000 16.52271 5.50000 5.95340 14.37249 5.50000 0.00000 15.55635 5.50000
3 16 6.32323 15.26531 5.50000 11.68322 11.68322 5.50000 10.99990 10.99990 5.50000
3 16 6.32323 15.26531 5.50000 10.99990 10.99990 5.50000 5.95340 14.37249 5.50000
3 16 11.68322 11.68322 5.50000 15.26531 6.32323 5.50000 14.37249 5.95340 5.50000
3 16 11.68322 11.68322 5.50000 14.37249 5.95340 5.50000 10.99990 10.99990 5.50000
3 16 15.26531 6.32323 5.50000 16.52271 0.00000 5.50000 15.55635 0.00000 5.50000
3 16 15.26531 6.32323 5.50000 15.55635 0.00000 5.50000 14.37249 5.95340 5.50000
3 16 16.52271 0.00000 5.50000 15.26531 -6.32323 5.50000 14.37249 -5.95340 5.50000
3 16 16.52271 0.00000 5.50000 14.37249 -5.95340 5.50000 15.55635 0.00000 5.50000
3 16 15.26531 -6.32323 5.50000 11.68322 -11.68322 5.50000 10.99990 -10.99990 5.50000
3 16 15.26531 -6.32323 5.50000 10.99990 -10.99990 5.50000 14.37249 -5.95340 5.50000
3 16 11.68322 -11.68322 5.50000 6.32323 -15.26531 5.50000 5.95340 -14.37249 5.50000
3 16 11.68322 -11.68322 5.50000 5.95340 -14.37249 5.50000 10.99990 -10.99990 5.50000
3 16 6.32323 -15.26531 5.50000 0.00000 -16.52271 5.50000 0.00000 -15.55635 5.50000
3 16 6.32323 -15.26531 5.50000 0.00000 -15.55635 5.50000 5.95340 -14.37249 5.50000
3 16 0.00000 -16.52271 5.50000 -6.32323 -15.26531 5.50000 -5.95340 -14.37249 5.50000
3 16 0.00000 -16.52271 5.50000 -5.95340 -14.37249 5.50000 0.00000 -15.55635 5.50000
3 16 -6.32323 -15.26531 5.50000 -11.68322 -11.68322 5.50000 -10.99990 -10.99990 5.50000
3 16 -6.32323 -15.26531 5.50000 -10.99990 -10.99990 5.50000 -5.95340 -14.37249 5.50000
3 16 -11.68322 -11.68322 5.50000 -15.26531 -6.32323 5.50000 -14.37249 -5.95340 5.50000
3 16 -11.68322 -11.68322 5.50000 -14.37249 -5.95340 5.50000 -10.99990 -10.99990 5.50000
3 16 -15.26531 -6.32323 5.50000 -16.52271 0.00000 5.50000 -15.55635 0.00000 5.50000
3 16 -15.26531 -6.32323 5.50000 -15.55635 0.00000 5.50000 -14.37249 -5.95340 5.50000
3 16 -16.52271 0.00000 5.50000 -15.26531 6.32323 5.50000 -14.37249 5.95340 5.50000
3 16 -16.52271 0.00000 5.50000 -14.37249 5.95340 5.50000 -15.55635 0.00000 5.50000
3 16 -15.26531 6.32323 5.50000 -11.68322 11.68322 5.50000 -10.99990 10.99990 5.50000
3 16 -15.26531 6.32323 5.50000 -10.99990 10.99990 5.50000 -14.37249 5.95340 5.50000
3 16 -11.68322 11.68322 5.50000 -6.32323 15.26531 5.50000 -5.95340 14.37249 5.50000
3 16 -11.68322 11.68322 5.50000 -5.95340 14.37249 5.50000 -10.99990 10.99990 5.50000
3 16 -6.32323 15.26531 5.50000 0.00000 16.52271 5.50000 0.00000 15.55635 5.50000
3 16 -6.32323 15.26531 5.50000 0.00000 15.55635 5.50000 -5.95340 14.37249 5.50000
3 16 0.00000 12.68858 5.50000 4.85591 11.72295 5.50000 4.85591 11.72295 5.00000
3 16 0.00000 12.68858 5.50000 4.85591 11.72295 5.00000 0.00000 12.68858 5.00000
3 16 4.85591 11.72295 5.50000 8.97210 8.97210 5.50000 8.97210 8.97210 5.00000
3 16 4.85591 11.72295 5.50000 8.97210 8.97210 5.00000 4.85591 11.72295 5.00000
3 16 8.97210 8.97210 5.50000 11.72295 4.85591 5.50000 11.72295 4.85591 5.00000
3 16 8.97210 8.97210 5.50000 11.72295 4.85591 5.00000 8.97210 8.97210 5.00000
3 16 11.72295 4.85591 5.50000 12.68858 0.00000 5.50000 12.68858 0.00000 5.00000
3 16 11.72295 4.85591 5.50000 12.68858 0.00000 5.00000 11.72295 4.85591 5.00000
3 16 12.68858 0.00000 5.50000 11.72295 -4.85591 5.50000 11.72295 -4.85591 5.00000
3 16 12.68858 0.00000 5.50000 11.72295 -4.85591 5.00000 12.68858 0.00000 5.00000
3 16 11.72295 -4.85591 5.50000 8.97210 -8.97210 5.50000 8.97210 -8.97210 5.00000
3 16 11.72295 -4.85591 5.50000 8.97210 -8.97210 5.00000 11.72295 -4.85591 5.00000
3 16 8.97210 -8.97210 5.50000 4.85591 -11.72295 5.50000 4.85591 -11.72295 5.00000
3 16 8.97210 -8.97210 5.50000 4.85591 -11.72295 5.00000 8.97210 -8.97210 5.00000
3 16 4.85591 -11.72295 5.50000 0.00000 -12.68858 5.50000 0.00000 -12.68858 5.00000
3 16 4.85591 -11.72295 5.50000 0.00000 -12.68858 5.00000 4.85591 -11.72295 5.00000
3 16 0.00000 -12.68858 5.50000 -4.85591 -11.72295 5.50000 -4.85591 -11.72295 5.00000
3 16 0.00000 -12.68858 5.50000 -4.85591 -11.72295 5.00000 0.00000 -12.68858 5.00000
3 16 -4.85591 -11.72295 5.50000 -8.97210 -8.97210 5.50000 -8.97210 -8.97210 5.00000
3 16 -4.85591 -11.72295 5.50000 -8.97210 -8.97210 5.00000 -4.85591 -11.72295 5.00000
3 16 -8.97210 -8.97210 5.50000 -11.72295 -4.85591 5.50000 -11.72295 -4.85591 5.00000
3 16 -8.97210 -8.97210 5.50000 -11.72295 -4.85591 5.00000 -8.97210 -8.97210 5.00000
3 16 -11.72295 -4.85591 5.50000 -12.68858 0.00000 5.50000 -12.68858 0.00000 5.00000
3 16 -11.72295 -4.85591 5.50000 -12.68858 0.00000 5.00000 -11.72295 -4.85591 5.00000
3 16 -12.68858 0.00000 5.50000 -11.72295 4.85591 5.50000 -11.72295 4.85591 5.00000
3 16 -12.68858 0.00000 5.50000 -11.72295 4.85591 5.00000 -12.68858 0.00000 5.00000
3 16 -11.72295 4.85591 5.50000 -8.97210 8.97210 5.50000 -8.97210 8.97210 5.00000
3 16 -11.72295 4.85591 5.50000 -8.97210 8.97210 5.00000 -11.72295 4.85591 5.00000
3 16 -8.97210 8.97210 5.50000 -4.85591 11.72295 5.50000 -4.85591 11.72295 5.00000
3 16 -8.97210 8.97210 5.50000 -4.85591 11.72295 5.00000 -8.97210 8.97210 5.00000
3 16 -4.85591 11.72295 5.50000 0.00000 12.68858 5.50000 0.00000 12.68858 5.00000
3 16 -4.85591 11.72295 5.50000 0.00000 12.68858 5.00000 -4.85591 11.72295 5.00000
3 16 0.00000 13.63818 5.50000 5.21932 12.60029 5.50000 5.21932 12.60029 5.00000
3 16 0.00000 13.63818 5.50000 5.21932 12.60029 5.00000 0.00000 13.63818 5.00000
3 16 5.21932 12.60029 5.50000 9.64357 9.64357 5.50000 9.64357 9.64357 5.00000
3 16 5.21932 12.60029 5.50000 9.64357 9.64357 5.00000 5.21932 12.60029 5.00000
3 16 9.64357 9.64357 5.50000 12.60029 5.21932 5.50000 12.60029 5.21932 5.00000
3 16 9.64357 9.64357 5.50000 12.60029 5.21932 5.00000 9.64357 9.64357 5.00000
3 16 12.60029 5.21932 5.50000 13.63818 0.00000 5.50000 13.63818 0.00000 5.00000
3 16 12.60029 5.21932 5.50000 13.63818 0.00000 5.00000 12.60029 5.21932 5.00000
3 16 13.63818 0.00000 5.50000 12.60029 -5.21932 5.50000 12.60029 -5.21932 5.00000
3 16 13.63818 0.00000 5.50000 12.60029 -5.21932 5.00000 13.63818 0.00000 5.00000
3 16 12.60029 -5.21932 5.50000 9.64357 -9.64357 5.50000 9.64357 -9.64357 5.00000
3 16 12.60029 -5.21932 5.50000 9.64357 -9.64357 5.00000 12.60029 -5.21932 5.00000
3 16 9.64357 -9.64357 5.50000 5.21932 -12.60029 5.50000 5.21932 -12.60029 5.00000
3 16 9.64357 -9.64357 5.50000 5.21932 -12.60029 5.00000 9.64357 -9.64357 5.00000
3 16 5.21932 -12.60029 5.50000 0.00000 -13.63818 5.50000 0.00000 -13.63818 5.00000
3 16 5.21932 -12.60029 5.50000 0.00000 -13.63818 5.00000 5.21932 -12.60029 5.00000
3 16 0.00000 -13.63818 5.50000 -5.21932 -12.60029 5.50000 -5.21932 -12.60029 5.00000
3 16 0.00000 -13.63818 5.50000 -5.21932 -12.60029 5.00000 0.00000 -13.63818 5.00000
3 16 -5.21932 -12.60029 5.50000 -9.64357 -9.64357 5.50000 -9.64357 -9.64357 5.00000
3 16 -5.21932 -12.60029 5.50000 -9.64357 -9.64357 5.00000 -5.21932 -12.60029 5.00000
3 16 -9.64357 -9.64357 5.50000 -12.60029 -5.21932 5.50000 -12.60029 -5.21932 5.00000
3 16 -9.64357 -9.64357 5.50000 -12.60029 -5.21932 5.00000 -9.64357 -9.64357 5.00000
3 16 -12.60029 -5.21932 5.50000 -13.63818 0.00000 5.50000 -13.63818 0.00000 5.00000
3 16 -12.60029 -5.21932 5.50000 -13.63818 0.00000 5.00000 -12.60029 -5.21932 5.00000
3 16 -13.63818 0.00000 5.50000 -12.60029 5.21932 5.50000 -12.60029 5.21932 5.00000
3 16 -13.63818 0.00000 5.50000 -12.60029 5.21932 5.00000 -13.63818 0.00000 5.00000
3 16 -12.60029 5.21932 5.50000 -9.64357 9.64357 5.50000 -9.64357 9.64357 5.00000
3 16 -12.60029 5.21932 5.50000 -9.64357 9.64357 5.00000 -12.60029 5.21932 5.00000
3 16 -9.64357 9.64357 5.50000 -5.21932 12.60029 5.50000 -5.21932 12.60029 5.00000
3 16 -9.64357 9.64357 5.50000 -5.21932 12.60029 5.00000 -9.64357 9.64357 5.00000
3 16 -5.21932 12.60029 5.50000 0.00000 13.63818 5.50000 0.00000 13.63818 5.00000
3 16 -5.21932 12.60029 5.50000 0.00000 13.63818 5.00000 -5.21932 12.60029 5.00000
3 16 0.00000 13.63818 5.50000 5.21932 12.60029 5.50000 4.85591 11.72295 5.50000
3 16 0.00000 13.63818 5.50000 4.85591 11.72295 5.50000 0.00000 12.68858 5.50000
3 16 5.21932 12.60029 5.50000 9.64357 9.64357 5.50000 8.97210 8.97210 5.50000
3 16 5.21932 12.60029 5.50000 8.97210 8.97210 5.50000 4.85591 11.72295 5.50000
3 16 9.64357 9.64357 5.50000 12.60029 5.21932 5.50000 11.72295 4.85591 5.50000
3 16 9.64357 9.64357 5.50000 11.72295 4.85591 5.50000 8.97210 8.97210 5.50000
3 16 12.60029 5.21932 5.50000 13.63818 0.00000 5.50000 12.68858 0.00000 5.50000
3 16 12.60029 5.21932 5.50000 12.68858 0.00000 5.50000 11.72295 4.85591 5.50000
3 16 13.63818 0.00000 5.50000 12.60029 -5.21932 5.50000 11.72295 -4.85591 5.50000
3 16 13.63818 0.00000 5.50000 11.72295 -4.85591 5.50000 12.68858 0.00000 5.50000
3 16 12.60029 -5.21932 5.50000 9.64357 -9.64357 5.50000 8.97210 -8.97210 5.50000
3 16 12.60029 -5.21932 5.50000 8.97210 -8.97210 5.50000 11.72295 -4.85591 5.50000
3 16 9.64357 -9.64357 5.50000 5.21932 -12.60029 5.50000 4.85591 -11.72295 5.50000
3 16 9.64357 -9.64357 5.50000 4.85591 -11.72295 5.50000 8.97210 -8.97210 5.50000
3 16 5.21932 -12.60029 5.50000 0.00000 -13.63818 5.50000 0.00000 -12.68858 5.50000
3 16 5.21932 -12.60029 5.50000 0.00000 -12.68858 5.50000 4.85591 -11.72295 5.50000
3 16 0.00000 -13.63818 5.50000 -5.21932 -12.60029 5.50000 -4.85591 -11.72295 5.50000
3 16 0.00000 -13.63818 5.50000 -4.85591 -11.72295 5.50000 0.00000 -12.68858 5.50000
3 16 -5.21932 -12.60029 5.50000 -9.64357 -9.64357 5.50000 -8.97210 -8.97210 5.50000
3 16 -5.21932 -12.60029 5.50000 -8.97210 -8.97210 5.50000 -4.85591 -11.72295 5.50000
3 16 -9.64357 -9.64357 5.50000 -12.60029 -5.21932 5.50000 -11.72295 -4.85591 5.50000
3 16 -9.64357 -9.64357 5.50000 -11.72295 -4.85591 5.50000 -8.97210 -8.97210 5.50000
3 16 -12.60029 -5.21932 5.50000 -13.63818 0.00000 5.50000 -12.68858 0.00000 5.50000
3 16 -12.60029 -5.21932 5.50000 -12.68858 0.00000 5.50000 -11.72295 -4.85591 5.50000
3 16 -13.63818 0.00000 5.50000 -12.60029 5.21932 5.50000 -11.72295 4.85591 5.50000
3 16 -13.63818 0.00000 5.50000 -11.72295 4.85591 5.50000 -12.68858 0.00000 5.50000
3 16 -12.60029 5.21932 5.50000 -9.64357 9.64357 5.50000 -8.97210 8.97210 5.50000
3 16 -12.60029 5.21932 5.50000 -8.97210 8.97210 5.50000 -11.72295 4.85591 5.50000
3 16 -9.64357 9.64357 5.50000 -5.21932 12.60029 5.50000 -4.85591 11.72295 5.50000
3 16 -9.64357 9.64357 5.50000 -4.85591 11.72295 5.50000 -8.97210 8.97210 5.50000
3 16 -5.21932 12.60029 5.50000 0.00000 13.63818 5.50000 0.00000 12.68858 5.50000
3 16 -5.21932 12.60029 5.50000 0.00000 12.68858 5.50000 -4.85591 11.72295 5.50000
