0 Jaw contact pad pair, each 12.8 x 3.2 x 0.4mm (uncompressed)
0 Name: jaw_pad.dat
0 Author: quadcuber
0 !LDRAW_ORG Unofficial_Part
0 BFC NOCERTIFY
4 16 -36 -10 -19 -4 -10 -19 -4 -9 -19 -36 -9 -19
4 16 -36 -9 -11 -4 -9 -11 -4 -10 -11 -36 -10 -11
4 16 -36 -10 -19 -36 -10 -11 -4 -10 -11 -4 -10 -19
4 16 -4 -10 -19 -4 -10 -11 -4 -9 -11 -4 -9 -19
4 16 -4 -9 -19 -4 -9 -11 -36 -9 -11 -36 -9 -19
4 16 -36 -9 -19 -36 -9 -11 -36 -10 -11 -36 -10 -19
2 24 -36 -10 -19 -4 -10 -19
2 24 -4 -10 -19 -4 -9 -19
2 24 -4 -9 -19 -36 -9 -19
2 24 -36 -9 -19 -36 -10 -19
2 24 -36 -10 -11 -4 -10 -11
2 24 -4 -10 -11 -4 -9 -11
2 24 -4 -9 -11 -36 -9 -11
2 24 -36 -9 -11 -36 -10 -11
2 24 -36 -10 -19 -36 -10 -11
2 24 -4 -10 -19 -4 -10 -11
2 24 -4 -9 -19 -4 -9 -11
2 24 -36 -9 -19 -36 -9 -11
4 16 -36 -10 11 -4 -10 11 -4 -9 11 -36 -9 11
4 16 -36 -9 19 -4 -9 19 -4 -10 19 -36 -10 19
4 16 -36 -10 11 -36 -10 19 -4 -10 19 -4 -10 11
4 16 -4 -10 11 -4 -10 19 -4 -9 19 -4 -9 11
4 16 -4 -9 11 -4 -9 19 -36 -9 19 -36 -9 11
4 16 -36 -9 11 -36 -9 19 -36 -10 19 -36 -10 11
2 24 -36 -10 11 -4 -10 11
2 24 -4 -10 11 -4 -9 11
2 24 -4 -9 11 -36 -9 11
2 24 -36 -9 11 -36 -10 11
2 24 -36 -10 19 -4 -10 19
2 24 -4 -10 19 -4 -9 19
2 24 -4 -9 19 -36 -9 19
2 24 -36 -9 19 -36 -10 19
2 24 -36 -10 11 -36 -10 19
2 24 -4 -10 11 -4 -10 19
2 24 -4 -9 11 -4 -9 19
2 24 -36 -9 11 -36 -9 19
