0 Technic Rubber Belt 15mm wrapped 2x around 1-wide beam (approximate)
0 Name: rubberband.dat
0 Author: quadcuber (按绕好后的形状建模, 皮带截面直径按 1.4mm 估计)
0 !LDRAW_ORG Unofficial_Part
0 BFC NOCERTIFY

4 16 12.800 7.339 -2.000 12.305 9.787 -2.000 11.832 9.591 -0.763 12.287 7.327 -0.763
4 16 12.287 7.327 -0.763 11.832 9.591 -0.763 10.688 9.118 -0.250 11.050 7.300 -0.250
4 16 11.050 7.300 -0.250 10.688 9.118 -0.250 9.545 8.644 -0.763 9.813 7.273 -0.763
4 16 9.813 7.273 -0.763 9.545 8.644 -0.763 9.072 8.448 -2.000 9.300 7.261 -2.000
4 16 9.300 7.261 -2.000 9.072 8.448 -2.000 9.545 8.644 -3.237 9.813 7.273 -3.237
4 16 9.813 7.273 -3.237 9.545 8.644 -3.237 10.688 9.118 -3.750 11.050 7.300 -3.750
4 16 11.050 7.300 -3.750 10.688 9.118 -3.750 11.832 9.591 -3.237 12.287 7.327 -3.237
4 16 12.287 7.327 -3.237 11.832 9.591 -3.237 12.305 9.787 -2.000 12.800 7.339 -2.000
4 16 12.305 9.787 -2.000 10.896 11.896 -2.000 10.534 11.534 -0.763 11.832 9.591 -0.763
4 16 11.832 9.591 -0.763 10.534 11.534 -0.763 9.659 10.659 -0.250 10.688 9.118 -0.250
4 16 10.688 9.118 -0.250 9.659 10.659 -0.250 8.784 9.784 -0.763 9.545 8.644 -0.763
4 16 9.545 8.644 -0.763 8.784 9.784 -0.763 8.421 9.421 -2.000 9.072 8.448 -2.000
4 16 9.072 8.448 -2.000 8.421 9.421 -2.000 8.784 9.784 -3.237 9.545 8.644 -3.237
4 16 9.545 8.644 -3.237 8.784 9.784 -3.237 9.659 10.659 -3.750 10.688 9.118 -3.750
4 16 10.688 9.118 -3.750 9.659 10.659 -3.750 10.534 11.534 -3.237 11.832 9.591 -3.237
4 16 11.832 9.591 -3.237 10.534 11.534 -3.237 10.896 11.896 -2.000 12.305 9.787 -2.000
4 16 10.896 11.896 -2.000 8.787 13.305 -2.000 8.591 12.832 -0.763 10.534 11.534 -0.763
4 16 10.534 11.534 -0.763 8.591 12.832 -0.763 8.118 11.688 -0.250 9.659 10.659 -0.250
4 16 9.659 10.659 -0.250 8.118 11.688 -0.250 7.644 10.545 -0.763 8.784 9.784 -0.763
4 16 8.784 9.784 -0.763 7.644 10.545 -0.763 7.448 10.072 -2.000 8.421 9.421 -2.000
4 16 8.421 9.421 -2.000 7.448 10.072 -2.000 7.644 10.545 -3.237 8.784 9.784 -3.237
4 16 8.784 9.784 -3.237 7.644 10.545 -3.237 8.118 11.688 -3.750 9.659 10.659 -3.750
4 16 9.659 10.659 -3.750 8.118 11.688 -3.750 8.591 12.832 -3.237 10.534 11.534 -3.237
4 16 10.534 11.534 -3.237 8.591 12.832 -3.237 8.787 13.305 -2.000 10.896 11.896 -2.000
4 16 8.787 13.305 -2.000 6.344 13.799 -2.000 6.331 13.287 -0.763 8.591 12.832 -0.763
4 16 8.591 12.832 -0.763 6.331 13.287 -0.763 6.300 12.050 -0.250 8.118 11.688 -0.250
4 16 8.118 11.688 -0.250 6.300 12.050 -0.250 6.269 10.813 -0.763 7.644 10.545 -0.763
4 16 7.644 10.545 -0.763 6.269 10.813 -0.763 6.256 10.301 -2.000 7.448 10.072 -2.000
4 16 7.448 10.072 -2.000 6.256 10.301 -2.000 6.269 10.813 -3.237 7.644 10.545 -3.237
4 16 7.644 10.545 -3.237 6.269 10.813 -3.237 6.300 12.050 -3.750 8.118 11.688 -3.750
4 16 8.118 11.688 -3.750 6.300 12.050 -3.750 6.331 13.287 -3.237 8.591 12.832 -3.237
4 16 8.591 12.832 -3.237 6.331 13.287 -3.237 6.344 13.799 -2.000 8.787 13.305 -2.000
4 16 6.344 13.799 -2.000 -6.344 13.799 -2.000 -6.331 13.287 -0.763 6.331 13.287 -0.763
4 16 6.331 13.287 -0.763 -6.331 13.287 -0.763 -6.300 12.050 -0.250 6.300 12.050 -0.250
4 16 6.300 12.050 -0.250 -6.300 12.050 -0.250 -6.269 10.813 -0.763 6.269 10.813 -0.763
4 16 6.269 10.813 -0.763 -6.269 10.813 -0.763 -6.256 10.301 -2.000 6.256 10.301 -2.000
4 16 6.256 10.301 -2.000 -6.256 10.301 -2.000 -6.269 10.813 -3.237 6.269 10.813 -3.237
4 16 6.269 10.813 -3.237 -6.269 10.813 -3.237 -6.300 12.050 -3.750 6.300 12.050 -3.750
4 16 6.300 12.050 -3.750 -6.300 12.050 -3.750 -6.331 13.287 -3.237 6.331 13.287 -3.237
4 16 6.331 13.287 -3.237 -6.331 13.287 -3.237 -6.344 13.799 -2.000 6.344 13.799 -2.000
4 16 -6.344 13.799 -2.000 -8.787 13.305 -2.000 -8.591 12.832 -0.763 -6.331 13.287 -0.763
4 16 -6.331 13.287 -0.763 -8.591 12.832 -0.763 -8.118 11.688 -0.250 -6.300 12.050 -0.250
4 16 -6.300 12.050 -0.250 -8.118 11.688 -0.250 -7.644 10.545 -0.763 -6.269 10.813 -0.763
4 16 -6.269 10.813 -0.763 -7.644 10.545 -0.763 -7.448 10.072 -2.000 -6.256 10.301 -2.000
4 16 -6.256 10.301 -2.000 -7.448 10.072 -2.000 -7.644 10.545 -3.237 -6.269 10.813 -3.237
4 16 -6.269 10.813 -3.237 -7.644 10.545 -3.237 -8.118 11.688 -3.750 -6.300 12.050 -3.750
4 16 -6.300 12.050 -3.750 -8.118 11.688 -3.750 -8.591 12.832 -3.237 -6.331 13.287 -3.237
4 16 -6.331 13.287 -3.237 -8.591 12.832 -3.237 -8.787 13.305 -2.000 -6.344 13.799 -2.000
4 16 -8.787 13.305 -2.000 -10.896 11.896 -2.000 -10.534 11.534 -0.763 -8.591 12.832 -0.763
4 16 -8.591 12.832 -0.763 -10.534 11.534 -0.763 -9.659 10.659 -0.250 -8.118 11.688 -0.250
4 16 -8.118 11.688 -0.250 -9.659 10.659 -0.250 -8.784 9.784 -0.763 -7.644 10.545 -0.763
4 16 -7.644 10.545 -0.763 -8.784 9.784 -0.763 -8.421 9.421 -2.000 -7.448 10.072 -2.000
4 16 -7.448 10.072 -2.000 -8.421 9.421 -2.000 -8.784 9.784 -3.237 -7.644 10.545 -3.237
4 16 -7.644 10.545 -3.237 -8.784 9.784 -3.237 -9.659 10.659 -3.750 -8.118 11.688 -3.750
4 16 -8.118 11.688 -3.750 -9.659 10.659 -3.750 -10.534 11.534 -3.237 -8.591 12.832 -3.237
4 16 -8.591 12.832 -3.237 -10.534 11.534 -3.237 -10.896 11.896 -2.000 -8.787 13.305 -2.000
4 16 -10.896 11.896 -2.000 -12.305 9.787 -2.000 -11.832 9.591 -0.763 -10.534 11.534 -0.763
4 16 -10.534 11.534 -0.763 -11.832 9.591 -0.763 -10.688 9.118 -0.250 -9.659 10.659 -0.250
4 16 -9.659 10.659 -0.250 -10.688 9.118 -0.250 -9.545 8.644 -0.763 -8.784 9.784 -0.763
4 16 -8.784 9.784 -0.763 -9.545 8.644 -0.763 -9.072 8.448 -2.000 -8.421 9.421 -2.000
4 16 -8.421 9.421 -2.000 -9.072 8.448 -2.000 -9.545 8.644 -3.237 -8.784 9.784 -3.237
4 16 -8.784 9.784 -3.237 -9.545 8.644 -3.237 -10.688 9.118 -3.750 -9.659 10.659 -3.750
4 16 -9.659 10.659 -3.750 -10.688 9.118 -3.750 -11.832 9.591 -3.237 -10.534 11.534 -3.237
4 16 -10.534 11.534 -3.237 -11.832 9.591 -3.237 -12.305 9.787 -2.000 -10.896 11.896 -2.000
4 16 -12.305 9.787 -2.000 -12.800 7.339 -2.000 -12.287 7.327 -0.763 -11.832 9.591 -0.763
4 16 -11.832 9.591 -0.763 -12.287 7.327 -0.763 -11.050 7.300 -0.250 -10.688 9.118 -0.250
4 16 -10.688 9.118 -0.250 -11.050 7.300 -0.250 -9.813 7.273 -0.763 -9.545 8.644 -0.763
4 16 -9.545 8.644 -0.763 -9.813 7.273 -0.763 -9.300 7.261 -2.000 -9.072 8.448 -2.000
4 16 -9.072 8.448 -2.000 -9.300 7.261 -2.000 -9.813 7.273 -3.237 -9.545 8.644 -3.237
4 16 -9.545 8.644 -3.237 -9.813 7.273 -3.237 -11.050 7.300 -3.750 -10.688 9.118 -3.750
4 16 -10.688 9.118 -3.750 -11.050 7.300 -3.750 -12.287 7.327 -3.237 -11.832 9.591 -3.237
4 16 -11.832 9.591 -3.237 -12.287 7.327 -3.237 -12.800 7.339 -2.000 -12.305 9.787 -2.000
4 16 -12.800 7.339 -2.000 -12.800 -7.339 -2.000 -12.287 -7.327 -0.763 -12.287 7.327 -0.763
4 16 -12.287 7.327 -0.763 -12.287 -7.327 -0.763 -11.050 -7.300 -0.250 -11.050 7.300 -0.250
4 16 -11.050 7.300 -0.250 -11.050 -7.300 -0.250 -9.813 -7.273 -0.763 -9.813 7.273 -0.763
4 16 -9.813 7.273 -0.763 -9.813 -7.273 -0.763 -9.300 -7.261 -2.000 -9.300 7.261 -2.000
4 16 -9.300 7.261 -2.000 -9.300 -7.261 -2.000 -9.813 -7.273 -3.237 -9.813 7.273 -3.237
4 16 -9.813 7.273 -3.237 -9.813 -7.273 -3.237 -11.050 -7.300 -3.750 -11.050 7.300 -3.750
4 16 -11.050 7.300 -3.750 -11.050 -7.300 -3.750 -12.287 -7.327 -3.237 -12.287 7.327 -3.237
4 16 -12.287 7.327 -3.237 -12.287 -7.327 -3.237 -12.800 -7.339 -2.000 -12.800 7.339 -2.000
4 16 -12.800 -7.339 -2.000 -12.305 -9.787 -2.000 -11.832 -9.591 -0.763 -12.287 -7.327 -0.763
4 16 -12.287 -7.327 -0.763 -11.832 -9.591 -0.763 -10.688 -9.118 -0.250 -11.050 -7.300 -0.250
4 16 -11.050 -7.300 -0.250 -10.688 -9.118 -0.250 -9.545 -8.644 -0.763 -9.813 -7.273 -0.763
4 16 -9.813 -7.273 -0.763 -9.545 -8.644 -0.763 -9.072 -8.448 -2.000 -9.300 -7.261 -2.000
4 16 -9.300 -7.261 -2.000 -9.072 -8.448 -2.000 -9.545 -8.644 -3.237 -9.813 -7.273 -3.237
4 16 -9.813 -7.273 -3.237 -9.545 -8.644 -3.237 -10.688 -9.118 -3.750 -11.050 -7.300 -3.750
4 16 -11.050 -7.300 -3.750 -10.688 -9.118 -3.750 -11.832 -9.591 -3.237 -12.287 -7.327 -3.237
4 16 -12.287 -7.327 -3.237 -11.832 -9.591 -3.237 -12.305 -9.787 -2.000 -12.800 -7.339 -2.000
4 16 -12.305 -9.787 -2.000 -10.896 -11.896 -2.000 -10.534 -11.534 -0.763 -11.832 -9.591 -0.763
4 16 -11.832 -9.591 -0.763 -10.534 -11.534 -0.763 -9.659 -10.659 -0.250 -10.688 -9.118 -0.250
4 16 -10.688 -9.118 -0.250 -9.659 -10.659 -0.250 -8.784 -9.784 -0.763 -9.545 -8.644 -0.763
4 16 -9.545 -8.644 -0.763 -8.784 -9.784 -0.763 -8.421 -9.421 -2.000 -9.072 -8.448 -2.000
4 16 -9.072 -8.448 -2.000 -8.421 -9.421 -2.000 -8.784 -9.784 -3.237 -9.545 -8.644 -3.237
4 16 -9.545 -8.644 -3.237 -8.784 -9.784 -3.237 -9.659 -10.659 -3.750 -10.688 -9.118 -3.750
4 16 -10.688 -9.118 -3.750 -9.659 -10.659 -3.750 -10.534 -11.534 -3.237 -11.832 -9.591 -3.237
4 16 -11.832 -9.591 -3.237 -10.534 -11.534 -3.237 -10.896 -11.896 -2.000 -12.305 -9.787 -2.000
4 16 -10.896 -11.896 -2.000 -8.787 -13.305 -2.000 -8.591 -12.832 -0.763 -10.534 -11.534 -0.763
4 16 -10.534 -11.534 -0.763 -8.591 -12.832 -0.763 -8.118 -11.688 -0.250 -9.659 -10.659 -0.250
4 16 -9.659 -10.659 -0.250 -8.118 -11.688 -0.250 -7.644 -10.545 -0.763 -8.784 -9.784 -0.763
4 16 -8.784 -9.784 -0.763 -7.644 -10.545 -0.763 -7.448 -10.072 -2.000 -8.421 -9.421 -2.000
4 16 -8.421 -9.421 -2.000 -7.448 -10.072 -2.000 -7.644 -10.545 -3.237 -8.784 -9.784 -3.237
4 16 -8.784 -9.784 -3.237 -7.644 -10.545 -3.237 -8.118 -11.688 -3.750 -9.659 -10.659 -3.750
4 16 -9.659 -10.659 -3.750 -8.118 -11.688 -3.750 -8.591 -12.832 -3.237 -10.534 -11.534 -3.237
4 16 -10.534 -11.534 -3.237 -8.591 -12.832 -3.237 -8.787 -13.305 -2.000 -10.896 -11.896 -2.000
4 16 -8.787 -13.305 -2.000 -6.344 -13.799 -2.000 -6.331 -13.287 -0.763 -8.591 -12.832 -0.763
4 16 -8.591 -12.832 -0.763 -6.331 -13.287 -0.763 -6.300 -12.050 -0.250 -8.118 -11.688 -0.250
4 16 -8.118 -11.688 -0.250 -6.300 -12.050 -0.250 -6.269 -10.813 -0.763 -7.644 -10.545 -0.763
4 16 -7.644 -10.545 -0.763 -6.269 -10.813 -0.763 -6.256 -10.301 -2.000 -7.448 -10.072 -2.000
4 16 -7.448 -10.072 -2.000 -6.256 -10.301 -2.000 -6.269 -10.813 -3.237 -7.644 -10.545 -3.237
4 16 -7.644 -10.545 -3.237 -6.269 -10.813 -3.237 -6.300 -12.050 -3.750 -8.118 -11.688 -3.750
4 16 -8.118 -11.688 -3.750 -6.300 -12.050 -3.750 -6.331 -13.287 -3.237 -8.591 -12.832 -3.237
4 16 -8.591 -12.832 -3.237 -6.331 -13.287 -3.237 -6.344 -13.799 -2.000 -8.787 -13.305 -2.000
4 16 -6.344 -13.799 -2.000 6.344 -13.799 -2.000 6.331 -13.287 -0.763 -6.331 -13.287 -0.763
4 16 -6.331 -13.287 -0.763 6.331 -13.287 -0.763 6.300 -12.050 -0.250 -6.300 -12.050 -0.250
4 16 -6.300 -12.050 -0.250 6.300 -12.050 -0.250 6.269 -10.813 -0.763 -6.269 -10.813 -0.763
4 16 -6.269 -10.813 -0.763 6.269 -10.813 -0.763 6.256 -10.301 -2.000 -6.256 -10.301 -2.000
4 16 -6.256 -10.301 -2.000 6.256 -10.301 -2.000 6.269 -10.813 -3.237 -6.269 -10.813 -3.237
4 16 -6.269 -10.813 -3.237 6.269 -10.813 -3.237 6.300 -12.050 -3.750 -6.300 -12.050 -3.750
4 16 -6.300 -12.050 -3.750 6.300 -12.050 -3.750 6.331 -13.287 -3.237 -6.331 -13.287 -3.237
4 16 -6.331 -13.287 -3.237 6.331 -13.287 -3.237 6.344 -13.799 -2.000 -6.344 -13.799 -2.000
4 16 6.344 -13.799 -2.000 8.787 -13.305 -2.000 8.591 -12.832 -0.763 6.331 -13.287 -0.763
4 16 6.331 -13.287 -0.763 8.591 -12.832 -0.763 8.118 -11.688 -0.250 6.300 -12.050 -0.250
4 16 6.300 -12.050 -0.250 8.118 -11.688 -0.250 7.644 -10.545 -0.763 6.269 -10.813 -0.763
4 16 6.269 -10.813 -0.763 7.644 -10.545 -0.763 7.448 -10.072 -2.000 6.256 -10.301 -2.000
4 16 6.256 -10.301 -2.000 7.448 -10.072 -2.000 7.644 -10.545 -3.237 6.269 -10.813 -3.237
4 16 6.269 -10.813 -3.237 7.644 -10.545 -3.237 8.118 -11.688 -3.750 6.300 -12.050 -3.750
4 16 6.300 -12.050 -3.750 8.118 -11.688 -3.750 8.591 -12.832 -3.237 6.331 -13.287 -3.237
4 16 6.331 -13.287 -3.237 8.591 -12.832 -3.237 8.787 -13.305 -2.000 6.344 -13.799 -2.000
4 16 8.787 -13.305 -2.000 10.896 -11.896 -2.000 10.534 -11.534 -0.763 8.591 -12.832 -0.763
4 16 8.591 -12.832 -0.763 10.534 -11.534 -0.763 9.659 -10.659 -0.250 8.118 -11.688 -0.250
4 16 8.118 -11.688 -0.250 9.659 -10.659 -0.250 8.784 -9.784 -0.763 7.644 -10.545 -0.763
4 16 7.644 -10.545 -0.763 8.784 -9.784 -0.763 8.421 -9.421 -2.000 7.448 -10.072 -2.000
4 16 7.448 -10.072 -2.000 8.421 -9.421 -2.000 8.784 -9.784 -3.237 7.644 -10.545 -3.237
4 16 7.644 -10.545 -3.237 8.784 -9.784 -3.237 9.659 -10.659 -3.750 8.118 -11.688 -3.750
4 16 8.118 -11.688 -3.750 9.659 -10.659 -3.750 10.534 -11.534 -3.237 8.591 -12.832 -3.237
4 16 8.591 -12.832 -3.237 10.534 -11.534 -3.237 10.896 -11.896 -2.000 8.787 -13.305 -2.000
4 16 10.896 -11.896 -2.000 12.305 -9.787 -2.000 11.832 -9.591 -0.763 10.534 -11.534 -0.763
4 16 10.534 -11.534 -0.763 11.832 -9.591 -0.763 10.688 -9.118 -0.250 9.659 -10.659 -0.250
4 16 9.659 -10.659 -0.250 10.688 -9.118 -0.250 9.545 -8.644 -0.763 8.784 -9.784 -0.763
4 16 8.784 -9.784 -0.763 9.545 -8.644 -0.763 9.072 -8.448 -2.000 8.421 -9.421 -2.000
4 16 8.421 -9.421 -2.000 9.072 -8.448 -2.000 9.545 -8.644 -3.237 8.784 -9.784 -3.237
4 16 8.784 -9.784 -3.237 9.545 -8.644 -3.237 10.688 -9.118 -3.750 9.659 -10.659 -3.750
4 16 9.659 -10.659 -3.750 10.688 -9.118 -3.750 11.832 -9.591 -3.237 10.534 -11.534 -3.237
4 16 10.534 -11.534 -3.237 11.832 -9.591 -3.237 12.305 -9.787 -2.000 10.896 -11.896 -2.000
4 16 12.305 -9.787 -2.000 12.800 -7.339 -2.000 12.287 -7.327 -0.763 11.832 -9.591 -0.763
4 16 11.832 -9.591 -0.763 12.287 -7.327 -0.763 11.050 -7.300 -0.250 10.688 -9.118 -0.250
4 16 10.688 -9.118 -0.250 11.050 -7.300 -0.250 9.813 -7.273 -0.763 9.545 -8.644 -0.763
4 16 9.545 -8.644 -0.763 9.813 -7.273 -0.763 9.300 -7.261 -2.000 9.072 -8.448 -2.000
4 16 9.072 -8.448 -2.000 9.300 -7.261 -2.000 9.813 -7.273 -3.237 9.545 -8.644 -3.237
4 16 9.545 -8.644 -3.237 9.813 -7.273 -3.237 11.050 -7.300 -3.750 10.688 -9.118 -3.750
4 16 10.688 -9.118 -3.750 11.050 -7.300 -3.750 12.287 -7.327 -3.237 11.832 -9.591 -3.237
4 16 11.832 -9.591 -3.237 12.287 -7.327 -3.237 12.800 -7.339 -2.000 12.305 -9.787 -2.000
4 16 12.800 -7.339 -2.000 12.800 7.339 -2.000 12.287 7.327 -0.763 12.287 -7.327 -0.763
4 16 12.287 -7.327 -0.763 12.287 7.327 -0.763 11.050 7.300 -0.250 11.050 -7.300 -0.250
4 16 11.050 -7.300 -0.250 11.050 7.300 -0.250 9.813 7.273 -0.763 9.813 -7.273 -0.763
4 16 9.813 -7.273 -0.763 9.813 7.273 -0.763 9.300 7.261 -2.000 9.300 -7.261 -2.000
4 16 9.300 -7.261 -2.000 9.300 7.261 -2.000 9.813 7.273 -3.237 9.813 -7.273 -3.237
4 16 9.813 -7.273 -3.237 9.813 7.273 -3.237 11.050 7.300 -3.750 11.050 -7.300 -3.750
4 16 11.050 -7.300 -3.750 11.050 7.300 -3.750 12.287 7.327 -3.237 12.287 -7.327 -3.237
4 16 12.287 -7.327 -3.237 12.287 7.327 -3.237 12.800 7.339 -2.000 12.800 -7.339 -2.000
4 16 12.800 7.339 2.000 12.305 9.787 2.000 11.832 9.591 3.237 12.287 7.327 3.237
4 16 12.287 7.327 3.237 11.832 9.591 3.237 10.688 9.118 3.750 11.050 7.300 3.750
4 16 11.050 7.300 3.750 10.688 9.118 3.750 9.545 8.644 3.237 9.813 7.273 3.237
4 16 9.813 7.273 3.237 9.545 8.644 3.237 9.072 8.448 2.000 9.300 7.261 2.000
4 16 9.300 7.261 2.000 9.072 8.448 2.000 9.545 8.644 0.763 9.813 7.273 0.763
4 16 9.813 7.273 0.763 9.545 8.644 0.763 10.688 9.118 0.250 11.050 7.300 0.250
4 16 11.050 7.300 0.250 10.688 9.118 0.250 11.832 9.591 0.763 12.287 7.327 0.763
4 16 12.287 7.327 0.763 11.832 9.591 0.763 12.305 9.787 2.000 12.800 7.339 2.000
4 16 12.305 9.787 2.000 10.896 11.896 2.000 10.534 11.534 3.237 11.832 9.591 3.237
4 16 11.832 9.591 3.237 10.534 11.534 3.237 9.659 10.659 3.750 10.688 9.118 3.750
4 16 10.688 9.118 3.750 9.659 10.659 3.750 8.784 9.784 3.237 9.545 8.644 3.237
4 16 9.545 8.644 3.237 8.784 9.784 3.237 8.421 9.421 2.000 9.072 8.448 2.000
4 16 9.072 8.448 2.000 8.421 9.421 2.000 8.784 9.784 0.763 9.545 8.644 0.763
4 16 9.545 8.644 0.763 8.784 9.784 0.763 9.659 10.659 0.250 10.688 9.118 0.250
4 16 10.688 9.118 0.250 9.659 10.659 0.250 10.534 11.534 0.763 11.832 9.591 0.763
4 16 11.832 9.591 0.763 10.534 11.534 0.763 10.896 11.896 2.000 12.305 9.787 2.000
4 16 10.896 11.896 2.000 8.787 13.305 2.000 8.591 12.832 3.237 10.534 11.534 3.237
4 16 10.534 11.534 3.237 8.591 12.832 3.237 8.118 11.688 3.750 9.659 10.659 3.750
4 16 9.659 10.659 3.750 8.118 11.688 3.750 7.644 10.545 3.237 8.784 9.784 3.237
4 16 8.784 9.784 3.237 7.644 10.545 3.237 7.448 10.072 2.000 8.421 9.421 2.000
4 16 8.421 9.421 2.000 7.448 10.072 2.000 7.644 10.545 0.763 8.784 9.784 0.763
4 16 8.784 9.784 0.763 7.644 10.545 0.763 8.118 11.688 0.250 9.659 10.659 0.250
4 16 9.659 10.659 0.250 8.118 11.688 0.250 8.591 12.832 0.763 10.534 11.534 0.763
4 16 10.534 11.534 0.763 8.591 12.832 0.763 8.787 13.305 2.000 10.896 11.896 2.000
4 16 8.787 13.305 2.000 6.344 13.799 2.000 6.331 13.287 3.237 8.591 12.832 3.237
4 16 8.591 12.832 3.237 6.331 13.287 3.237 6.300 12.050 3.750 8.118 11.688 3.750
4 16 8.118 11.688 3.750 6.300 12.050 3.750 6.269 10.813 3.237 7.644 10.545 3.237
4 16 7.644 10.545 3.237 6.269 10.813 3.237 6.256 10.301 2.000 7.448 10.072 2.000
4 16 7.448 10.072 2.000 6.256 10.301 2.000 6.269 10.813 0.763 7.644 10.545 0.763
4 16 7.644 10.545 0.763 6.269 10.813 0.763 6.300 12.050 0.250 8.118 11.688 0.250
4 16 8.118 11.688 0.250 6.300 12.050 0.250 6.331 13.287 0.763 8.591 12.832 0.763
4 16 8.591 12.832 0.763 6.331 13.287 0.763 6.344 13.799 2.000 8.787 13.305 2.000
4 16 6.344 13.799 2.000 -6.344 13.799 2.000 -6.331 13.287 3.237 6.331 13.287 3.237
4 16 6.331 13.287 3.237 -6.331 13.287 3.237 -6.300 12.050 3.750 6.300 12.050 3.750
4 16 6.300 12.050 3.750 -6.300 12.050 3.750 -6.269 10.813 3.237 6.269 10.813 3.237
4 16 6.269 10.813 3.237 -6.269 10.813 3.237 -6.256 10.301 2.000 6.256 10.301 2.000
4 16 6.256 10.301 2.000 -6.256 10.301 2.000 -6.269 10.813 0.763 6.269 10.813 0.763
4 16 6.269 10.813 0.763 -6.269 10.813 0.763 -6.300 12.050 0.250 6.300 12.050 0.250
4 16 6.300 12.050 0.250 -6.300 12.050 0.250 -6.331 13.287 0.763 6.331 13.287 0.763
4 16 6.331 13.287 0.763 -6.331 13.287 0.763 -6.344 13.799 2.000 6.344 13.799 2.000
4 16 -6.344 13.799 2.000 -8.787 13.305 2.000 -8.591 12.832 3.237 -6.331 13.287 3.237
4 16 -6.331 13.287 3.237 -8.591 12.832 3.237 -8.118 11.688 3.750 -6.300 12.050 3.750
4 16 -6.300 12.050 3.750 -8.118 11.688 3.750 -7.644 10.545 3.237 -6.269 10.813 3.237
4 16 -6.269 10.813 3.237 -7.644 10.545 3.237 -7.448 10.072 2.000 -6.256 10.301 2.000
4 16 -6.256 10.301 2.000 -7.448 10.072 2.000 -7.644 10.545 0.763 -6.269 10.813 0.763
4 16 -6.269 10.813 0.763 -7.644 10.545 0.763 -8.118 11.688 0.250 -6.300 12.050 0.250
4 16 -6.300 12.050 0.250 -8.118 11.688 0.250 -8.591 12.832 0.763 -6.331 13.287 0.763
4 16 -6.331 13.287 0.763 -8.591 12.832 0.763 -8.787 13.305 2.000 -6.344 13.799 2.000
4 16 -8.787 13.305 2.000 -10.896 11.896 2.000 -10.534 11.534 3.237 -8.591 12.832 3.237
4 16 -8.591 12.832 3.237 -10.534 11.534 3.237 -9.659 10.659 3.750 -8.118 11.688 3.750
4 16 -8.118 11.688 3.750 -9.659 10.659 3.750 -8.784 9.784 3.237 -7.644 10.545 3.237
4 16 -7.644 10.545 3.237 -8.784 9.784 3.237 -8.421 9.421 2.000 -7.448 10.072 2.000
4 16 -7.448 10.072 2.000 -8.421 9.421 2.000 -8.784 9.784 0.763 -7.644 10.545 0.763
4 16 -7.644 10.545 0.763 -8.784 9.784 0.763 -9.659 10.659 0.250 -8.118 11.688 0.250
4 16 -8.118 11.688 0.250 -9.659 10.659 0.250 -10.534 11.534 0.763 -8.591 12.832 0.763
4 16 -8.591 12.832 0.763 -10.534 11.534 0.763 -10.896 11.896 2.000 -8.787 13.305 2.000
4 16 -10.896 11.896 2.000 -12.305 9.787 2.000 -11.832 9.591 3.237 -10.534 11.534 3.237
4 16 -10.534 11.534 3.237 -11.832 9.591 3.237 -10.688 9.118 3.750 -9.659 10.659 3.750
4 16 -9.659 10.659 3.750 -10.688 9.118 3.750 -9.545 8.644 3.237 -8.784 9.784 3.237
4 16 -8.784 9.784 3.237 -9.545 8.644 3.237 -9.072 8.448 2.000 -8.421 9.421 2.000
4 16 -8.421 9.421 2.000 -9.072 8.448 2.000 -9.545 8.644 0.763 -8.784 9.784 0.763
4 16 -8.784 9.784 0.763 -9.545 8.644 0.763 -10.688 9.118 0.250 -9.659 10.659 0.250
4 16 -9.659 10.659 0.250 -10.688 9.118 0.250 -11.832 9.591 0.763 -10.534 11.534 0.763
4 16 -10.534 11.534 0.763 -11.832 9.591 0.763 -12.305 9.787 2.000 -10.896 11.896 2.000
4 16 -12.305 9.787 2.000 -12.800 7.339 2.000 -12.287 7.327 3.237 -11.832 9.591 3.237
4 16 -11.832 9.591 3.237 -12.287 7.327 3.237 -11.050 7.300 3.750 -10.688 9.118 3.750
4 16 -10.688 9.118 3.750 -11.050 7.300 3.750 -9.813 7.273 3.237 -9.545 8.644 3.237
4 16 -9.545 8.644 3.237 -9.813 7.273 3.237 -9.300 7.261 2.000 -9.072 8.448 2.000
4 16 -9.072 8.448 2.000 -9.300 7.261 2.000 -9.813 7.273 0.763 -9.545 8.644 0.763
4 16 -9.545 8.644 0.763 -9.813 7.273 0.763 -11.050 7.300 0.250 -10.688 9.118 0.250
4 16 -10.688 9.118 0.250 -11.050 7.300 0.250 -12.287 7.327 0.763 -11.832 9.591 0.763
4 16 -11.832 9.591 0.763 -12.287 7.327 0.763 -12.800 7.339 2.000 -12.305 9.787 2.000
4 16 -12.800 7.339 2.000 -12.800 -7.339 2.000 -12.287 -7.327 3.237 -12.287 7.327 3.237
4 16 -12.287 7.327 3.237 -12.287 -7.327 3.237 -11.050 -7.300 3.750 -11.050 7.300 3.750
4 16 -11.050 7.300 3.750 -11.050 -7.300 3.750 -9.813 -7.273 3.237 -9.813 7.273 3.237
4 16 -9.813 7.273 3.237 -9.813 -7.273 3.237 -9.300 -7.261 2.000 -9.300 7.261 2.000
4 16 -9.300 7.261 2.000 -9.300 -7.261 2.000 -9.813 -7.273 0.763 -9.813 7.273 0.763
4 16 -9.813 7.273 0.763 -9.813 -7.273 0.763 -11.050 -7.300 0.250 -11.050 7.300 0.250
4 16 -11.050 7.300 0.250 -11.050 -7.300 0.250 -12.287 -7.327 0.763 -12.287 7.327 0.763
4 16 -12.287 7.327 0.763 -12.287 -7.327 0.763 -12.800 -7.339 2.000 -12.800 7.339 2.000
4 16 -12.800 -7.339 2.000 -12.305 -9.787 2.000 -11.832 -9.591 3.237 -12.287 -7.327 3.237
4 16 -12.287 -7.327 3.237 -11.832 -9.591 3.237 -10.688 -9.118 3.750 -11.050 -7.300 3.750
4 16 -11.050 -7.300 3.750 -10.688 -9.118 3.750 -9.545 -8.644 3.237 -9.813 -7.273 3.237
4 16 -9.813 -7.273 3.237 -9.545 -8.644 3.237 -9.072 -8.448 2.000 -9.300 -7.261 2.000
4 16 -9.300 -7.261 2.000 -9.072 -8.448 2.000 -9.545 -8.644 0.763 -9.813 -7.273 0.763
4 16 -9.813 -7.273 0.763 -9.545 -8.644 0.763 -10.688 -9.118 0.250 -11.050 -7.300 0.250
4 16 -11.050 -7.300 0.250 -10.688 -9.118 0.250 -11.832 -9.591 0.763 -12.287 -7.327 0.763
4 16 -12.287 -7.327 0.763 -11.832 -9.591 0.763 -12.305 -9.787 2.000 -12.800 -7.339 2.000
4 16 -12.305 -9.787 2.000 -10.896 -11.896 2.000 -10.534 -11.534 3.237 -11.832 -9.591 3.237
4 16 -11.832 -9.591 3.237 -10.534 -11.534 3.237 -9.659 -10.659 3.750 -10.688 -9.118 3.750
4 16 -10.688 -9.118 3.750 -9.659 -10.659 3.750 -8.784 -9.784 3.237 -9.545 -8.644 3.237
4 16 -9.545 -8.644 3.237 -8.784 -9.784 3.237 -8.421 -9.421 2.000 -9.072 -8.448 2.000
4 16 -9.072 -8.448 2.000 -8.421 -9.421 2.000 -8.784 -9.784 0.763 -9.545 -8.644 0.763
4 16 -9.545 -8.644 0.763 -8.784 -9.784 0.763 -9.659 -10.659 0.250 -10.688 -9.118 0.250
4 16 -10.688 -9.118 0.250 -9.659 -10.659 0.250 -10.534 -11.534 0.763 -11.832 -9.591 0.763
4 16 -11.832 -9.591 0.763 -10.534 -11.534 0.763 -10.896 -11.896 2.000 -12.305 -9.787 2.000
4 16 -10.896 -11.896 2.000 -8.787 -13.305 2.000 -8.591 -12.832 3.237 -10.534 -11.534 3.237
4 16 -10.534 -11.534 3.237 -8.591 -12.832 3.237 -8.118 -11.688 3.750 -9.659 -10.659 3.750
4 16 -9.659 -10.659 3.750 -8.118 -11.688 3.750 -7.644 -10.545 3.237 -8.784 -9.784 3.237
4 16 -8.784 -9.784 3.237 -7.644 -10.545 3.237 -7.448 -10.072 2.000 -8.421 -9.421 2.000
4 16 -8.421 -9.421 2.000 -7.448 -10.072 2.000 -7.644 -10.545 0.763 -8.784 -9.784 0.763
4 16 -8.784 -9.784 0.763 -7.644 -10.545 0.763 -8.118 -11.688 0.250 -9.659 -10.659 0.250
4 16 -9.659 -10.659 0.250 -8.118 -11.688 0.250 -8.591 -12.832 0.763 -10.534 -11.534 0.763
4 16 -10.534 -11.534 0.763 -8.591 -12.832 0.763 -8.787 -13.305 2.000 -10.896 -11.896 2.000
4 16 -8.787 -13.305 2.000 -6.344 -13.799 2.000 -6.331 -13.287 3.237 -8.591 -12.832 3.237
4 16 -8.591 -12.832 3.237 -6.331 -13.287 3.237 -6.300 -12.050 3.750 -8.118 -11.688 3.750
4 16 -8.118 -11.688 3.750 -6.300 -12.050 3.750 -6.269 -10.813 3.237 -7.644 -10.545 3.237
4 16 -7.644 -10.545 3.237 -6.269 -10.813 3.237 -6.256 -10.301 2.000 -7.448 -10.072 2.000
4 16 -7.448 -10.072 2.000 -6.256 -10.301 2.000 -6.269 -10.813 0.763 -7.644 -10.545 0.763
4 16 -7.644 -10.545 0.763 -6.269 -10.813 0.763 -6.300 -12.050 0.250 -8.118 -11.688 0.250
4 16 -8.118 -11.688 0.250 -6.300 -12.050 0.250 -6.331 -13.287 0.763 -8.591 -12.832 0.763
4 16 -8.591 -12.832 0.763 -6.331 -13.287 0.763 -6.344 -13.799 2.000 -8.787 -13.305 2.000
4 16 -6.344 -13.799 2.000 6.344 -13.799 2.000 6.331 -13.287 3.237 -6.331 -13.287 3.237
4 16 -6.331 -13.287 3.237 6.331 -13.287 3.237 6.300 -12.050 3.750 -6.300 -12.050 3.750
4 16 -6.300 -12.050 3.750 6.300 -12.050 3.750 6.269 -10.813 3.237 -6.269 -10.813 3.237
4 16 -6.269 -10.813 3.237 6.269 -10.813 3.237 6.256 -10.301 2.000 -6.256 -10.301 2.000
4 16 -6.256 -10.301 2.000 6.256 -10.301 2.000 6.269 -10.813 0.763 -6.269 -10.813 0.763
4 16 -6.269 -10.813 0.763 6.269 -10.813 0.763 6.300 -12.050 0.250 -6.300 -12.050 0.250
4 16 -6.300 -12.050 0.250 6.300 -12.050 0.250 6.331 -13.287 0.763 -6.331 -13.287 0.763
4 16 -6.331 -13.287 0.763 6.331 -13.287 0.763 6.344 -13.799 2.000 -6.344 -13.799 2.000
4 16 6.344 -13.799 2.000 8.787 -13.305 2.000 8.591 -12.832 3.237 6.331 -13.287 3.237
4 16 6.331 -13.287 3.237 8.591 -12.832 3.237 8.118 -11.688 3.750 6.300 -12.050 3.750
4 16 6.300 -12.050 3.750 8.118 -11.688 3.750 7.644 -10.545 3.237 6.269 -10.813 3.237
4 16 6.269 -10.813 3.237 7.644 -10.545 3.237 7.448 -10.072 2.000 6.256 -10.301 2.000
4 16 6.256 -10.301 2.000 7.448 -10.072 2.000 7.644 -10.545 0.763 6.269 -10.813 0.763
4 16 6.269 -10.813 0.763 7.644 -10.545 0.763 8.118 -11.688 0.250 6.300 -12.050 0.250
4 16 6.300 -12.050 0.250 8.118 -11.688 0.250 8.591 -12.832 0.763 6.331 -13.287 0.763
4 16 6.331 -13.287 0.763 8.591 -12.832 0.763 8.787 -13.305 2.000 6.344 -13.799 2.000
4 16 8.787 -13.305 2.000 10.896 -11.896 2.000 10.534 -11.534 3.237 8.591 -12.832 3.237
4 16 8.591 -12.832 3.237 10.534 -11.534 3.237 9.659 -10.659 3.750 8.118 -11.688 3.750
4 16 8.118 -11.688 3.750 9.659 -10.659 3.750 8.784 -9.784 3.237 7.644 -10.545 3.237
4 16 7.644 -10.545 3.237 8.784 -9.784 3.237 8.421 -9.421 2.000 7.448 -10.072 2.000
4 16 7.448 -10.072 2.000 8.421 -9.421 2.000 8.784 -9.784 0.763 7.644 -10.545 0.763
4 16 7.644 -10.545 0.763 8.784 -9.784 0.763 9.659 -10.659 0.250 8.118 -11.688 0.250
4 16 8.118 -11.688 0.250 9.659 -10.659 0.250 10.534 -11.534 0.763 8.591 -12.832 0.763
4 16 8.591 -12.832 0.763 10.534 -11.534 0.763 10.896 -11.896 2.000 8.787 -13.305 2.000
4 16 10.896 -11.896 2.000 12.305 -9.787 2.000 11.832 -9.591 3.237 10.534 -11.534 3.237
4 16 10.534 -11.534 3.237 11.832 -9.591 3.237 10.688 -9.118 3.750 9.659 -10.659 3.750
4 16 9.659 -10.659 3.750 10.688 -9.118 3.750 9.545 -8.644 3.237 8.784 -9.784 3.237
4 16 8.784 -9.784 3.237 9.545 -8.644 3.237 9.072 -8.448 2.000 8.421 -9.421 2.000
4 16 8.421 -9.421 2.000 9.072 -8.448 2.000 9.545 -8.644 0.763 8.784 -9.784 0.763
4 16 8.784 -9.784 0.763 9.545 -8.644 0.763 10.688 -9.118 0.250 9.659 -10.659 0.250
4 16 9.659 -10.659 0.250 10.688 -9.118 0.250 11.832 -9.591 0.763 10.534 -11.534 0.763
4 16 10.534 -11.534 0.763 11.832 -9.591 0.763 12.305 -9.787 2.000 10.896 -11.896 2.000
4 16 12.305 -9.787 2.000 12.800 -7.339 2.000 12.287 -7.327 3.237 11.832 -9.591 3.237
4 16 11.832 -9.591 3.237 12.287 -7.327 3.237 11.050 -7.300 3.750 10.688 -9.118 3.750
4 16 10.688 -9.118 3.750 11.050 -7.300 3.750 9.813 -7.273 3.237 9.545 -8.644 3.237
4 16 9.545 -8.644 3.237 9.813 -7.273 3.237 9.300 -7.261 2.000 9.072 -8.448 2.000
4 16 9.072 -8.448 2.000 9.300 -7.261 2.000 9.813 -7.273 0.763 9.545 -8.644 0.763
4 16 9.545 -8.644 0.763 9.813 -7.273 0.763 11.050 -7.300 0.250 10.688 -9.118 0.250
4 16 10.688 -9.118 0.250 11.050 -7.300 0.250 12.287 -7.327 0.763 11.832 -9.591 0.763
4 16 11.832 -9.591 0.763 12.287 -7.327 0.763 12.800 -7.339 2.000 12.305 -9.787 2.000
4 16 12.800 -7.339 2.000 12.800 7.339 2.000 12.287 7.327 3.237 12.287 -7.327 3.237
4 16 12.287 -7.327 3.237 12.287 7.327 3.237 11.050 7.300 3.750 11.050 -7.300 3.750
4 16 11.050 -7.300 3.750 11.050 7.300 3.750 9.813 7.273 3.237 9.813 -7.273 3.237
4 16 9.813 -7.273 3.237 9.813 7.273 3.237 9.300 7.261 2.000 9.300 -7.261 2.000
4 16 9.300 -7.261 2.000 9.300 7.261 2.000 9.813 7.273 0.763 9.813 -7.273 0.763
4 16 9.813 -7.273 0.763 9.813 7.273 0.763 11.050 7.300 0.250 11.050 -7.300 0.250
4 16 11.050 -7.300 0.250 11.050 7.300 0.250 12.287 7.327 0.763 12.287 -7.327 0.763
4 16 12.287 -7.327 0.763 12.287 7.327 0.763 12.800 7.339 2.000 12.800 -7.339 2.000
